0.000000	-nan	-nan
0.010000	0.000000	-0.000000
0.020000	0.000000	-0.000000
0.030000	0.000000	-0.000000
0.040000	0.000000	-0.000000
0.050000	0.000000	-0.000000
0.060000	0.000000	-0.000016
0.070000	0.000001	-0.001601
0.080000	0.000034	-0.049828
0.090000	0.000546	-0.712079
0.100000	0.005031	-5.894290
0.110000	0.030837	-32.384088
0.120000	0.137414	-124.469606
0.130000	0.463286	-313.040041
0.140000	1.179491	-353.875232
0.150000	2.244648	391.566280
0.160000	3.304599	1941.520763
0.170000	4.074583	3434.203476
0.180000	4.542134	4370.660125
0.190000	4.806873	4810.594297
0.200000	4.955583	4947.233573
0.210000	5.040820	4923.583816
0.220000	5.091188	4821.273283
0.230000	5.121930	4683.215904
0.240000	5.141261	4531.400103
0.250000	5.153724	4376.977990
0.260000	5.161904	4225.516302
0.270000	5.167315	4079.679710
0.280000	5.170867	3940.611093
0.290000	5.173123	3808.652677
0.300000	5.174439	3683.729404
0.310000	5.175043	3565.555868
0.320000	5.175083	3453.749190
0.330000	5.174660	3347.890765
0.340000	5.173840	3247.559731
0.350000	5.172668	3152.350611
0.360000	5.171176	3061.882014
0.370000	5.169386	2975.800273
0.380000	5.167313	2893.780258
0.390000	5.164968	2815.524632
0.400000	5.162361	2740.762303
0.410000	5.159497	2669.246507
0.420000	5.156382	2600.752765
0.430000	5.153022	2535.076859
0.440000	5.149420	2472.032902
0.450000	5.145580	2411.451550
0.460000	5.141508	2353.178349
0.470000	5.137207	2297.072248
0.480000	5.132682	2243.004245
0.490000	5.127938	2190.856177
0.500000	5.122978	2140.519639
0.510000	5.117809	2091.895010
0.520000	5.112435	2044.890588
0.530000	5.106861	1999.421814
0.540000	5.101093	1955.410584
0.550000	5.095137	1912.784634
0.560000	5.088998	1871.476981
0.570000	5.082682	1831.425441
0.580000	5.076194	1792.572181
0.590000	5.069541	1754.863325
0.600000	5.062727	1718.248607
0.610000	5.055760	1682.681045
0.620000	5.048645	1648.116665
0.630000	5.041387	1614.514237
0.640000	5.033993	1581.835052
0.650000	5.026467	1550.042711
0.660000	5.018817	1519.102937
0.670000	5.011046	1488.983408
0.680000	5.003162	1459.653604
0.690000	4.995168	1431.084668
0.700000	4.987071	1403.249281
0.710000	4.978875	1376.121550
0.720000	4.970586	1349.676899
0.730000	4.962209	1323.891982
0.740000	4.953748	1298.744594
0.750000	4.945208	1274.213591
0.760000	4.936594	1250.278822
0.770000	4.927911	1226.921062
0.780000	4.919162	1204.121952
0.790000	4.910353	1181.863944
0.800000	4.901486	1160.130253
0.810000	4.892566	1138.904808
0.820000	4.883598	1118.172208
0.830000	4.874585	1097.917688
0.840000	4.865530	1078.127078
0.850000	4.856437	1058.786771
0.860000	4.847309	1039.883693
0.870000	4.838151	1021.405272
0.880000	4.828964	1003.339412
0.890000	4.819753	985.674471
0.900000	4.810520	968.399233
0.910000	4.801268	951.502891
0.920000	4.792000	934.975023
0.930000	4.782718	918.805577
0.940000	4.773426	902.984852
0.950000	4.764125	887.503479
0.960000	4.754818	872.352410
0.970000	4.745508	857.522902
0.980000	4.736196	843.006501
0.990000	4.726885	828.795034
1.000000	4.717576	814.880591
1.010000	4.708273	801.255520
1.020000	4.698976	787.912411
1.030000	4.689688	774.844092
1.040000	4.680410	762.043611
1.050000	4.671144	749.504235
1.060000	4.661891	737.219438
1.070000	4.652653	725.182892
1.080000	4.643432	713.388461
1.090000	4.634229	701.830194
1.100000	4.625045	690.502318
1.110000	4.615882	679.399227
1.120000	4.606741	668.515484
1.130000	4.597622	657.845809
1.140000	4.588528	647.385073
1.150000	4.579458	637.128297
1.160000	4.570415	627.070643
1.170000	4.561400	617.207410
1.180000	4.552412	607.534031
1.190000	4.543453	598.046066
1.200000	4.534524	588.739198
1.210000	4.525625	579.609231
1.220000	4.516758	570.652083
1.230000	4.507923	561.863787
1.240000	4.499120	553.240479
1.250000	4.490351	544.778405
1.260000	4.481616	536.473908
1.270000	4.472915	528.323432
1.280000	4.464249	520.323514
1.290000	4.455619	512.470784
1.300000	4.447025	504.761959
1.310000	4.438467	497.193846
1.320000	4.429946	489.763333
1.330000	4.421462	482.467388
1.340000	4.413016	475.303061
1.350000	4.404608	468.267475
1.360000	4.396238	461.357829
1.370000	4.387906	454.571393
1.380000	4.379613	447.905506
1.390000	4.371360	441.357575
1.400000	4.363145	434.925072
1.410000	4.354970	428.605534
1.420000	4.346835	422.396558
1.430000	4.338740	416.295801
1.440000	4.330684	410.300981
1.450000	4.322669	404.409869
1.460000	4.314693	398.620292
1.470000	4.306758	392.930132
1.480000	4.298864	387.337320
1.490000	4.291009	381.839841
1.500000	4.283196	376.435725
1.510000	4.275422	371.123053
1.520000	4.267690	365.899951
1.530000	4.259998	360.764588
1.540000	4.252346	355.715180
1.550000	4.244735	350.749984
1.560000	4.237165	345.867299
1.570000	4.229635	341.065463
1.580000	4.222146	336.342855
1.590000	4.214697	331.697890
1.600000	4.207288	327.129022
1.610000	4.199920	322.634741
1.620000	4.192592	318.213570
1.630000	4.185305	313.864068
1.640000	4.178057	309.584828
1.650000	4.170849	305.374473
1.660000	4.163682	301.231660
1.670000	4.156554	297.155075
1.680000	4.149465	293.143435
1.690000	4.142417	289.195486
1.700000	4.135407	285.310001
1.710000	4.128437	281.485783
1.720000	4.121507	277.721660
1.730000	4.114615	274.016487
1.740000	4.107762	270.369144
1.750000	4.100948	266.778538
1.760000	4.094172	263.243598
1.770000	4.087435	259.763277
1.780000	4.080736	256.336552
1.790000	4.074075	252.962422
1.800000	4.067452	249.639907
1.810000	4.060867	246.368051
1.820000	4.054319	243.145916
1.830000	4.047809	239.972585
1.840000	4.041336	236.847163
1.850000	4.034900	233.768772
1.860000	4.028501	230.736552
1.870000	4.022139	227.749665
1.880000	4.015813	224.807288
1.890000	4.009524	221.908616
1.900000	4.003270	219.052862
1.910000	3.997053	216.239255
1.920000	3.990871	213.467040
1.930000	3.984725	210.735479
1.940000	3.978614	208.043848
1.950000	3.972538	205.391439
1.960000	3.966497	202.777559
1.970000	3.960491	200.201529
1.980000	3.954520	197.662684
1.990000	3.948583	195.160372
2.000000	3.942680	192.693956
2.010000	3.936811	190.262812
2.020000	3.930975	187.866327
2.030000	3.925174	185.503901
2.040000	3.919405	183.174949
2.050000	3.913670	180.878893
2.060000	3.907967	178.615172
2.070000	3.902298	176.383232
2.080000	3.896661	174.182532
2.090000	3.891056	172.012542
2.100000	3.885483	169.872742
2.110000	3.879943	167.762622
2.120000	3.874434	165.681684
2.130000	3.868956	163.629438
2.140000	3.863510	161.605404
2.150000	3.858095	159.609112
2.160000	3.852711	157.640100
2.170000	3.847358	155.697918
2.180000	3.842035	153.782121
2.190000	3.836742	151.892275
2.200000	3.831480	150.027954
2.210000	3.826247	148.188740
2.220000	3.821045	146.374222
2.230000	3.815872	144.584001
2.240000	3.810728	142.817679
2.250000	3.805613	141.074873
2.260000	3.800527	139.355201
2.270000	3.795470	137.658291
2.280000	3.790441	135.983780
2.290000	3.785441	134.331308
2.300000	3.780469	132.700524
2.310000	3.775525	131.091083
2.320000	3.770609	129.502647
2.330000	3.765721	127.934885
2.340000	3.760859	126.387469
2.350000	3.756025	124.860081
2.360000	3.751219	123.352407
2.370000	3.746439	121.864138
2.380000	3.741685	120.394973
2.390000	3.736958	118.944614
2.400000	3.732258	117.512770
2.410000	3.727583	116.099155
2.420000	3.722935	114.703488
2.430000	3.718312	113.325494
2.440000	3.713715	111.964903
2.450000	3.709143	110.621447
2.460000	3.704597	109.294866
2.470000	3.700075	107.984904
2.480000	3.695579	106.691309
2.490000	3.691107	105.413834
2.500000	3.686660	104.152237
2.510000	3.682237	102.906278
2.520000	3.677838	101.675723
2.530000	3.673464	100.460342
2.540000	3.669113	99.259910
2.550000	3.664786	98.074204
2.560000	3.660482	96.903006
2.570000	3.656202	95.746101
2.580000	3.651945	94.603280
2.590000	3.647712	93.474334
2.600000	3.643501	92.359061
2.610000	3.639312	91.257262
2.620000	3.635147	90.168738
2.630000	3.631003	89.093299
2.640000	3.626883	88.030753
2.650000	3.622784	86.980914
2.660000	3.618707	85.943600
2.670000	3.614652	84.918630
2.680000	3.610618	83.905827
2.690000	3.606606	82.905017
2.700000	3.602615	81.916028
2.710000	3.598646	80.938694
2.720000	3.594698	79.972847
2.730000	3.590770	79.018327
2.740000	3.586863	78.074972
2.750000	3.582977	77.142625
2.760000	3.579112	76.221132
2.770000	3.575266	75.310342
2.780000	3.571441	74.410103
2.790000	3.567636	73.520270
2.800000	3.563851	72.640697
2.810000	3.560085	71.771243
2.820000	3.556339	70.911767
2.830000	3.552613	70.062133
2.840000	3.548906	69.222203
2.850000	3.545218	68.391846
2.860000	3.541550	67.570930
2.870000	3.537900	66.759327
2.880000	3.534269	65.956908
2.890000	3.530657	65.163551
2.900000	3.527063	64.379132
2.910000	3.523488	63.603530
2.920000	3.519931	62.836626
2.930000	3.516393	62.078303
2.940000	3.512872	61.328447
2.950000	3.509369	60.586943
2.960000	3.505885	59.853681
2.970000	3.502417	59.128551
2.980000	3.498968	58.411444
2.990000	3.495536	57.702255
3.000000	3.492121	57.000878
3.010000	3.488723	56.307211
3.020000	3.485343	55.621153
3.030000	3.481979	54.942602
3.040000	3.478633	54.271462
3.050000	3.475303	53.607636
3.060000	3.471989	52.951027
3.070000	3.468693	52.301543
3.080000	3.465412	51.659091
3.090000	3.462148	51.023580
3.100000	3.458900	50.394921
3.110000	3.455669	49.773024
3.120000	3.452453	49.157805
3.130000	3.449253	48.549176
3.140000	3.446069	47.947055
3.150000	3.442900	47.351357
3.160000	3.439747	46.762001
3.170000	3.436609	46.178907
3.180000	3.433487	45.601995
3.190000	3.430380	45.031188
3.200000	3.427288	44.466408
3.210000	3.424211	43.907579
3.220000	3.421149	43.354628
3.230000	3.418102	42.807480
3.240000	3.415070	42.266063
3.250000	3.412052	41.730306
3.260000	3.409049	41.200139
3.270000	3.406060	40.675491
3.280000	3.403086	40.156295
3.290000	3.400125	39.642483
3.300000	3.397179	39.133990
3.310000	3.394247	38.630750
3.320000	3.391329	38.132698
3.330000	3.388425	37.639771
3.340000	3.385535	37.151907
3.350000	3.382658	36.669044
3.360000	3.379795	36.191121
3.370000	3.376945	35.718078
3.380000	3.374109	35.249856
3.390000	3.371286	34.786398
3.400000	3.368476	34.327645
3.410000	3.365680	33.873542
3.420000	3.362896	33.424032
3.430000	3.360126	32.979061
3.440000	3.357369	32.538574
3.450000	3.354624	32.102518
3.460000	3.351892	31.670841
3.470000	3.349173	31.243490
3.480000	3.346466	30.820415
3.490000	3.343772	30.401564
3.500000	3.341090	29.986889
3.510000	3.338420	29.576339
3.520000	3.335763	29.169867
3.530000	3.333118	28.767426
3.540000	3.330485	28.368967
3.550000	3.327864	27.974445
3.560000	3.325255	27.583813
3.570000	3.322658	27.197027
3.580000	3.320072	26.814042
3.590000	3.317499	26.434815
3.600000	3.314937	26.059301
3.610000	3.312386	25.687458
3.620000	3.309847	25.319245
3.630000	3.307320	24.954619
3.640000	3.304803	24.593539
3.650000	3.302298	24.235965
3.660000	3.299805	23.881858
3.670000	3.297322	23.531177
3.680000	3.294850	23.183884
3.690000	3.292390	22.839940
3.700000	3.289940	22.499308
3.710000	3.287501	22.161951
3.720000	3.285073	21.827831
3.730000	3.282656	21.496913
3.740000	3.280249	21.169160
3.750000	3.277853	20.844537
3.760000	3.275468	20.523009
3.770000	3.273093	20.204542
3.780000	3.270728	19.889101
3.790000	3.268374	19.576654
3.800000	3.266030	19.267167
3.810000	3.263696	18.960607
3.820000	3.261372	18.656942
3.830000	3.259058	18.356141
3.840000	3.256755	18.058172
3.850000	3.254461	17.763003
3.860000	3.252177	17.470605
3.870000	3.249903	17.180946
3.880000	3.247639	16.893998
3.890000	3.245384	16.609731
3.900000	3.243139	16.328115
3.910000	3.240904	16.049123
3.920000	3.238678	15.772725
3.930000	3.236462	15.498893
3.940000	3.234255	15.227601
3.950000	3.232058	14.958821
3.960000	3.229869	14.692525
3.970000	3.227690	14.428688
3.980000	3.225521	14.167283
3.990000	3.223360	13.908284
4.000000	3.221208	13.651665
4.010000	3.219066	13.397402
4.020000	3.216932	13.145469
4.030000	3.214808	12.895842
4.040000	3.212692	12.648496
4.050000	3.210585	12.403407
4.060000	3.208487	12.160552
4.070000	3.206397	11.919907
4.080000	3.204317	11.681449
4.090000	3.202244	11.445155
4.100000	3.200181	11.211003
4.110000	3.198126	10.978970
4.120000	3.196079	10.749034
4.130000	3.194041	10.521173
4.140000	3.192011	10.295367
4.150000	3.189989	10.071593
4.160000	3.187976	9.849831
4.170000	3.185971	9.630059
4.180000	3.183974	9.412259
4.190000	3.181985	9.196408
4.200000	3.180004	8.982488
4.210000	3.178031	8.770478
4.220000	3.176066	8.560359
4.230000	3.174109	8.352112
4.240000	3.172160	8.145718
4.250000	3.170219	7.941158
4.260000	3.168286	7.738413
4.270000	3.166360	7.537465
4.280000	3.164442	7.338296
4.290000	3.162532	7.140887
4.300000	3.160629	6.945222
4.310000	3.158734	6.751282
4.320000	3.156847	6.559051
4.330000	3.154967	6.368511
4.340000	3.153094	6.179646
4.350000	3.151229	5.992438
4.360000	3.149371	5.806871
4.370000	3.147520	5.622929
4.380000	3.145677	5.440595
4.390000	3.143841	5.259855
4.400000	3.142012	5.080691
4.410000	3.140190	4.903089
4.420000	3.138376	4.727033
4.430000	3.136568	4.552507
4.440000	3.134768	4.379498
4.450000	3.132974	4.207989
4.460000	3.131188	4.037967
4.470000	3.129408	3.869416
4.480000	3.127635	3.702323
4.490000	3.125869	3.536673
4.500000	3.124110	3.372452
4.510000	3.122358	3.209647
4.520000	3.120612	3.048243
4.530000	3.118873	2.888227
4.540000	3.117141	2.729586
4.550000	3.115415	2.572306
4.560000	3.113696	2.416374
4.570000	3.111984	2.261778
4.580000	3.110278	2.108504
4.590000	3.108578	1.956540
4.600000	3.106885	1.805873
4.610000	3.105198	1.656491
4.620000	3.103518	1.508382
4.630000	3.101844	1.361534
4.640000	3.100176	1.215934
4.650000	3.098514	1.071571
4.660000	3.096859	0.928433
4.670000	3.095210	0.786508
4.680000	3.093567	0.645786
4.690000	3.091930	0.506254
4.700000	3.090300	0.367901
4.710000	3.088675	0.230717
4.720000	3.087056	0.094691
4.730000	3.085444	-0.040189
4.740000	3.083837	-0.173933
4.750000	3.082236	-0.306551
4.760000	3.080641	-0.438055
4.770000	3.079053	-0.568454
4.780000	3.077469	-0.697759
4.790000	3.075892	-0.825980
4.800000	3.074321	-0.953127
4.810000	3.072755	-1.079209
4.820000	3.071195	-1.204238
4.830000	3.069640	-1.328222
4.840000	3.068091	-1.451171
4.850000	3.066548	-1.573094
4.860000	3.065011	-1.694002
4.870000	3.063479	-1.813903
4.880000	3.061952	-1.932806
4.890000	3.060432	-2.050721
4.900000	3.058916	-2.167656
4.910000	3.057406	-2.283621
4.920000	3.055901	-2.398624
4.930000	3.054402	-2.512674
4.940000	3.052908	-2.625780
4.950000	3.051420	-2.737950
4.960000	3.049937	-2.849193
4.970000	3.048459	-2.959517
4.980000	3.046986	-3.068930
4.990000	3.045519	-3.177441
5.000000	3.044057	-3.285057
5.010000	3.042600	-3.391787
5.020000	3.041148	-3.497638
5.030000	3.039701	-3.602619
5.040000	3.038259	-3.706737
5.050000	3.036823	-3.810000
5.060000	3.035391	-3.912416
5.070000	3.033965	-4.013991
5.080000	3.032543	-4.114734
5.090000	3.031126	-4.214652
5.100000	3.029715	-4.313752
5.110000	3.028308	-4.412041
5.120000	3.026906	-4.509527
5.130000	3.025509	-4.606217
5.140000	3.024117	-4.702117
5.150000	3.022730	-4.797234
5.160000	3.021347	-4.891576
5.170000	3.019969	-4.985150
5.180000	3.018596	-5.077961
5.190000	3.017228	-5.170017
5.200000	3.015864	-5.261324
5.210000	3.014506	-5.351889
5.220000	3.013151	-5.441718
5.230000	3.011802	-5.530817
5.240000	3.010457	-5.619193
5.250000	3.009116	-5.706853
5.260000	3.007780	-5.793802
5.270000	3.006449	-5.880046
5.280000	3.005122	-5.965592
5.290000	3.003800	-6.050445
5.300000	3.002482	-6.134612
5.310000	3.001168	-6.218099
5.320000	2.999859	-6.300910
5.330000	2.998555	-6.383053
5.340000	2.997254	-6.464533
5.350000	2.995958	-6.545355
5.360000	2.994667	-6.625525
5.370000	2.993380	-6.705048
5.380000	2.992097	-6.783931
5.390000	2.990818	-6.862178
5.400000	2.989544	-6.939796
5.410000	2.988273	-7.016788
5.420000	2.987007	-7.093161
5.430000	2.985746	-7.168920
5.440000	2.984488	-7.244070
5.450000	2.983235	-7.318616
5.460000	2.981985	-7.392563
5.470000	2.980740	-7.465917
5.480000	2.979499	-7.538681
5.490000	2.978262	-7.610862
5.500000	2.977029	-7.682464
5.510000	2.975800	-7.753492
5.520000	2.974575	-7.823950
5.530000	2.973354	-7.893844
5.540000	2.972137	-7.963178
5.550000	2.970924	-8.031957
5.560000	2.969715	-8.100186
5.570000	2.968510	-8.167868
5.580000	2.967309	-8.235009
5.590000	2.966112	-8.301612
5.600000	2.964918	-8.367684
5.610000	2.963728	-8.433227
5.620000	2.962543	-8.498246
5.630000	2.961361	-8.562746
5.640000	2.960182	-8.626730
5.650000	2.959008	-8.690204
5.660000	2.957837	-8.753170
5.670000	2.956670	-8.815634
5.680000	2.955507	-8.877600
5.690000	2.954348	-8.939071
5.700000	2.953192	-9.000052
5.710000	2.952040	-9.060546
5.720000	2.950891	-9.120558
5.730000	2.949746	-9.180091
5.740000	2.948605	-9.239149
5.750000	2.947468	-9.297737
5.760000	2.946334	-9.355858
5.770000	2.945203	-9.413516
5.780000	2.944076	-9.470714
5.790000	2.942953	-9.527456
5.800000	2.941833	-9.583746
5.810000	2.940716	-9.639588
5.820000	2.939604	-9.694985
5.830000	2.938494	-9.749941
5.840000	2.937388	-9.804459
5.850000	2.936286	-9.858543
5.860000	2.935187	-9.912196
5.870000	2.934091	-9.965422
5.880000	2.932999	-10.018224
5.890000	2.931910	-10.070606
5.900000	2.930824	-10.122571
5.910000	2.929742	-10.174121
5.920000	2.928663	-10.225261
5.930000	2.927588	-10.275994
5.940000	2.926515	-10.326323
5.950000	2.925447	-10.376251
5.960000	2.924381	-10.425782
5.970000	2.923318	-10.474917
5.980000	2.922259	-10.523662
5.990000	2.921203	-10.572018
6.000000	2.920151	-10.619989
6.010000	2.919101	-10.667578
6.020000	2.918055	-10.714787
6.030000	2.917012	-10.761621
6.040000	2.915972	-10.808081
6.050000	2.914935	-10.854170
6.060000	2.913901	-10.899893
6.070000	2.912870	-10.945250
6.080000	2.911843	-10.990246
6.090000	2.910818	-11.034883
6.100000	2.909797	-11.079164
6.110000	2.908779	-11.123092
6.120000	2.907763	-11.166669
6.130000	2.906751	-11.209898
6.140000	2.905742	-11.252782
6.150000	2.904736	-11.295323
6.160000	2.903733	-11.337525
6.170000	2.902732	-11.379389
6.180000	2.901735	-11.420919
6.190000	2.900741	-11.462116
6.200000	2.899750	-11.502984
6.210000	2.898761	-11.543526
6.220000	2.897776	-11.583742
6.230000	2.896793	-11.623637
6.240000	2.895813	-11.663213
6.250000	2.894837	-11.702471
6.260000	2.893863	-11.741415
6.270000	2.892892	-11.780046
6.280000	2.891923	-11.818368
6.290000	2.890958	-11.856383
6.300000	2.889995	-11.894092
6.310000	2.889036	-11.931499
6.320000	2.888079	-11.968605
6.330000	2.887124	-12.005413
6.340000	2.886173	-12.041925
6.350000	2.885224	-12.078143
6.360000	2.884278	-12.114070
6.370000	2.883335	-12.149708
6.380000	2.882395	-12.185058
6.390000	2.881457	-12.220124
6.400000	2.880522	-12.254907
6.410000	2.879589	-12.289409
6.420000	2.878660	-12.323633
6.430000	2.877733	-12.357581
6.440000	2.876808	-12.391254
6.450000	2.875886	-12.424655
6.460000	2.874967	-12.457786
6.470000	2.874051	-12.490649
6.480000	2.873137	-12.523245
6.490000	2.872226	-12.555578
6.500000	2.871317	-12.587648
6.510000	2.870411	-12.619458
6.520000	2.869507	-12.651009
6.530000	2.868606	-12.682304
6.540000	2.867708	-12.713345
6.550000	2.866812	-12.744133
6.560000	2.865919	-12.774671
6.570000	2.865028	-12.804959
6.580000	2.864139	-12.835001
6.590000	2.863253	-12.864798
6.600000	2.862370	-12.894351
6.610000	2.861489	-12.923662
6.620000	2.860611	-12.952734
6.630000	2.859735	-12.981568
6.640000	2.858861	-13.010166
6.650000	2.857990	-13.038529
6.660000	2.857121	-13.066659
6.670000	2.856255	-13.094558
6.680000	2.855391	-13.122228
6.690000	2.854530	-13.149670
6.700000	2.853670	-13.176887
6.710000	2.852814	-13.203879
6.720000	2.851959	-13.230648
6.730000	2.851107	-13.257196
6.740000	2.850258	-13.283524
6.750000	2.849410	-13.309635
6.760000	2.848565	-13.335530
6.770000	2.847723	-13.361210
6.780000	2.846882	-13.386676
6.790000	2.846044	-13.411931
6.800000	2.845208	-13.436976
6.810000	2.844375	-13.461813
6.820000	2.843543	-13.486442
6.830000	2.842714	-13.510866
6.840000	2.841888	-13.535087
6.850000	2.841063	-13.559104
6.860000	2.840241	-13.582920
6.870000	2.839421	-13.606537
6.880000	2.838603	-13.629956
6.890000	2.837787	-13.653178
6.900000	2.836974	-13.676204
6.910000	2.836163	-13.699037
6.920000	2.835354	-13.721677
6.930000	2.834547	-13.744126
6.940000	2.833742	-13.766385
6.950000	2.832939	-13.788456
6.960000	2.832139	-13.810339
6.970000	2.831341	-13.832037
6.980000	2.830545	-13.853551
6.990000	2.829751	-13.874881
7.000000	2.828959	-13.896030
7.010000	2.828169	-13.916998
7.020000	2.827381	-13.937787
7.030000	2.826595	-13.958399
7.040000	2.825812	-13.978833
7.050000	2.825030	-13.999092
7.060000	2.824251	-14.019177
7.070000	2.823474	-14.039090
7.080000	2.822698	-14.058830
7.090000	2.821925	-14.078400
7.100000	2.821154	-14.097801
7.110000	2.820385	-14.117034
7.120000	2.819617	-14.136100
7.130000	2.818852	-14.155000
7.140000	2.818089	-14.173736
7.150000	2.817328	-14.192308
7.160000	2.816569	-14.210718
7.170000	2.815811	-14.228968
7.180000	2.815056	-14.247057
7.190000	2.814303	-14.264987
7.200000	2.813551	-14.282760
7.210000	2.812802	-14.300377
7.220000	2.812055	-14.317837
7.230000	2.811309	-14.335144
7.240000	2.810565	-14.352297
7.250000	2.809824	-14.369298
7.260000	2.809084	-14.386148
7.270000	2.808346	-14.402848
7.280000	2.807610	-14.419398
7.290000	2.806876	-14.435801
7.300000	2.806144	-14.452057
7.310000	2.805413	-14.468167
7.320000	2.804685	-14.484132
7.330000	2.803958	-14.499953
7.340000	2.803234	-14.515631
7.350000	2.802511	-14.531167
7.360000	2.801790	-14.546563
7.370000	2.801070	-14.561818
7.380000	2.800353	-14.576934
7.390000	2.799637	-14.591913
7.400000	2.798924	-14.606754
7.410000	2.798212	-14.621459
7.420000	2.797501	-14.636029
7.430000	2.796793	-14.650465
7.440000	2.796086	-14.664768
7.450000	2.795382	-14.678938
7.460000	2.794679	-14.692977
7.470000	2.793977	-14.706885
7.480000	2.793278	-14.720664
7.490000	2.792580	-14.734313
7.500000	2.791884	-14.747835
7.510000	2.791190	-14.761230
7.520000	2.790497	-14.774499
7.530000	2.789806	-14.787643
7.540000	2.789117	-14.800662
7.550000	2.788430	-14.813557
7.560000	2.787744	-14.826330
7.570000	2.787060	-14.838981
7.580000	2.786378	-14.851512
7.590000	2.785697	-14.863921
7.600000	2.785018	-14.876212
7.610000	2.784341	-14.888384
7.620000	2.783665	-14.900438
7.630000	2.782991	-14.912376
7.640000	2.782319	-14.924197
7.650000	2.781649	-14.935903
7.660000	2.780980	-14.947494
7.670000	2.780312	-14.958972
7.680000	2.779647	-14.970336
7.690000	2.778982	-14.981588
7.700000	2.778320	-14.992729
7.710000	2.777659	-15.003759
7.720000	2.777000	-15.014680
7.730000	2.776342	-15.025491
7.740000	2.775686	-15.036193
7.750000	2.775032	-15.046788
7.760000	2.774379	-15.057276
7.770000	2.773728	-15.067657
7.780000	2.773078	-15.077933
7.790000	2.772430	-15.088104
7.800000	2.771784	-15.098171
7.810000	2.771139	-15.108135
7.820000	2.770495	-15.117995
7.830000	2.769853	-15.127754
7.840000	2.769213	-15.137412
7.850000	2.768574	-15.146968
7.860000	2.767937	-15.156425
7.870000	2.767301	-15.165783
7.880000	2.766667	-15.175041
7.890000	2.766034	-15.184202
7.900000	2.765403	-15.193266
7.910000	2.764773	-15.202233
7.920000	2.764145	-15.211103
7.930000	2.763518	-15.219879
7.940000	2.762893	-15.228559
7.950000	2.762269	-15.237146
7.960000	2.761647	-15.245639
7.970000	2.761026	-15.254039
7.980000	2.760407	-15.262348
7.990000	2.759789	-15.270564
8.000000	2.759173	-15.278689
