T	Ut	Ft	St	Ct
0.000000	-nan	-nan	-nan	-nan
0.010000	-3.000000	-3.000000	0.000000	0.000000
0.020000	-3.000000	-3.000000	0.000000	0.000000
0.030000	-3.000000	-3.000000	0.000000	0.000000
0.040000	-3.000000	-3.000000	-0.000000	-0.000000
0.050000	-3.000000	-3.000000	0.000000	0.000000
0.060000	-3.000000	-3.000000	0.000000	0.000000
0.070000	-3.000000	-3.000000	0.000000	0.000002
0.080000	-3.000000	-3.000000	0.000003	0.000064
0.090000	-2.999997	-3.000000	0.000038	0.000811
0.100000	-2.999970	-3.000002	0.000318	0.006055
0.110000	-2.999814	-3.000010	0.001782	0.030523
0.120000	-2.999172	-3.000050	0.007318	0.111926
0.130000	-2.997209	-3.000190	0.022930	0.300784
0.140000	-2.992895	-3.000564	0.054783	0.560184
0.150000	-2.986478	-3.001329	0.099004	0.681866
0.160000	-2.980093	-3.002534	0.140255	0.564513
0.170000	-2.975454	-3.004089	0.168439	0.364435
0.180000	-2.972637	-3.005862	0.184581	0.210135
0.190000	-2.971042	-3.007756	0.193229	0.117715
0.200000	-2.970146	-3.009713	0.197838	0.066730
0.210000	-2.969631	-3.011705	0.200354	0.038933
0.220000	-2.969326	-3.013717	0.201775	0.023514
0.230000	-2.969139	-3.015739	0.202609	0.014720
0.240000	-2.969020	-3.017768	0.203116	0.009549
0.250000	-2.968941	-3.019801	0.203438	0.006419
0.260000	-2.968888	-3.021836	0.203649	0.004475
0.270000	-2.968849	-3.023873	0.203793	0.003241
0.280000	-2.968821	-3.025912	0.203895	0.002447
0.290000	-2.968800	-3.027951	0.203971	0.001932
0.300000	-2.968782	-3.029991	0.204031	0.001600
0.310000	-2.968767	-3.032032	0.204080	0.001390
0.320000	-2.968754	-3.034073	0.204121	0.001263
0.330000	-2.968742	-3.036114	0.204159	0.001196
0.340000	-2.968730	-3.038156	0.204194	0.001171
0.350000	-2.968718	-3.040198	0.204228	0.001177
0.360000	-2.968706	-3.042241	0.204262	0.001205
0.370000	-2.968694	-3.044283	0.204296	0.001251
0.380000	-2.968681	-3.046327	0.204330	0.001310
0.390000	-2.968668	-3.048370	0.204365	0.001378
0.400000	-2.968654	-3.050414	0.204400	0.001454
0.410000	-2.968639	-3.052458	0.204437	0.001536
0.420000	-2.968623	-3.054503	0.204475	0.001623
0.430000	-2.968606	-3.056547	0.204515	0.001712
0.440000	-2.968589	-3.058593	0.204555	0.001804
0.450000	-2.968570	-3.060639	0.204597	0.001897
0.460000	-2.968551	-3.062685	0.204639	0.001991
0.470000	-2.968530	-3.064731	0.204683	0.002086
0.480000	-2.968509	-3.066778	0.204728	0.002181
0.490000	-2.968487	-3.068826	0.204774	0.002275
0.500000	-2.968464	-3.070874	0.204821	0.002368
0.510000	-2.968439	-3.072922	0.204869	0.002461
0.520000	-2.968414	-3.074971	0.204917	0.002552
0.530000	-2.968388	-3.077021	0.204967	0.002642
0.540000	-2.968361	-3.079071	0.205017	0.002730
0.550000	-2.968334	-3.081121	0.205068	0.002817
0.560000	-2.968305	-3.083172	0.205119	0.002901
0.570000	-2.968276	-3.085223	0.205171	0.002984
0.580000	-2.968245	-3.087275	0.205224	0.003065
0.590000	-2.968214	-3.089328	0.205277	0.003144
0.600000	-2.968183	-3.091381	0.205331	0.003220
0.610000	-2.968150	-3.093435	0.205384	0.003295
0.620000	-2.968117	-3.095489	0.205439	0.003367
0.630000	-2.968083	-3.097543	0.205493	0.003437
0.640000	-2.968048	-3.099599	0.205548	0.003505
0.650000	-2.968013	-3.101654	0.205603	0.003571
0.660000	-2.967977	-3.103711	0.205658	0.003635
0.670000	-2.967940	-3.105767	0.205713	0.003696
0.680000	-2.967903	-3.107825	0.205768	0.003756
0.690000	-2.967865	-3.109883	0.205823	0.003813
0.700000	-2.967826	-3.111941	0.205878	0.003868
0.710000	-2.967787	-3.114000	0.205934	0.003921
0.720000	-2.967748	-3.116060	0.205989	0.003972
0.730000	-2.967708	-3.118120	0.206044	0.004021
0.740000	-2.967668	-3.120181	0.206099	0.004068
0.750000	-2.967627	-3.122242	0.206154	0.004113
0.760000	-2.967585	-3.124304	0.206209	0.004156
0.770000	-2.967544	-3.126366	0.206263	0.004197
0.780000	-2.967501	-3.128429	0.206318	0.004236
0.790000	-2.967459	-3.130493	0.206372	0.004274
0.800000	-2.967416	-3.132557	0.206426	0.004309
0.810000	-2.967373	-3.134621	0.206480	0.004343
0.820000	-2.967329	-3.136686	0.206533	0.004376
0.830000	-2.967285	-3.138752	0.206586	0.004406
0.840000	-2.967241	-3.140818	0.206639	0.004436
0.850000	-2.967196	-3.142885	0.206692	0.004463
0.860000	-2.967152	-3.144952	0.206744	0.004489
0.870000	-2.967107	-3.147019	0.206796	0.004514
0.880000	-2.967061	-3.149088	0.206848	0.004537
0.890000	-2.967016	-3.151156	0.206899	0.004558
0.900000	-2.966970	-3.153226	0.206950	0.004579
0.910000	-2.966924	-3.155295	0.207001	0.004598
0.920000	-2.966878	-3.157366	0.207052	0.004616
0.930000	-2.966832	-3.159436	0.207102	0.004632
0.940000	-2.966786	-3.161508	0.207151	0.004647
0.950000	-2.966739	-3.163580	0.207200	0.004661
0.960000	-2.966692	-3.165652	0.207249	0.004674
0.970000	-2.966646	-3.167724	0.207298	0.004686
0.980000	-2.966599	-3.169798	0.207346	0.004697
0.990000	-2.966552	-3.171871	0.207394	0.004707
1.000000	-2.966505	-3.173946	0.207441	0.004715
1.010000	-2.966457	-3.176020	0.207488	0.004723
1.020000	-2.966410	-3.178095	0.207535	0.004730
1.030000	-2.966363	-3.180171	0.207581	0.004736
1.040000	-2.966315	-3.182247	0.207626	0.004741
1.050000	-2.966268	-3.184323	0.207672	0.004745
1.060000	-2.966221	-3.186400	0.207717	0.004748
1.070000	-2.966173	-3.188478	0.207761	0.004751
1.080000	-2.966125	-3.190556	0.207806	0.004752
1.090000	-2.966078	-3.192634	0.207849	0.004753
1.100000	-2.966030	-3.194713	0.207893	0.004754
1.110000	-2.965983	-3.196792	0.207936	0.004753
1.120000	-2.965935	-3.198871	0.207979	0.004752
1.130000	-2.965888	-3.200951	0.208021	0.004750
1.140000	-2.965840	-3.203032	0.208063	0.004748
1.150000	-2.965793	-3.205113	0.208104	0.004745
1.160000	-2.965745	-3.207194	0.208145	0.004741
1.170000	-2.965698	-3.209275	0.208186	0.004737
1.180000	-2.965651	-3.211358	0.208226	0.004732
1.190000	-2.965603	-3.213440	0.208266	0.004726
1.200000	-2.965556	-3.215523	0.208306	0.004721
1.210000	-2.965509	-3.217606	0.208345	0.004714
1.220000	-2.965462	-3.219690	0.208383	0.004707
1.230000	-2.965415	-3.221774	0.208422	0.004700
1.240000	-2.965368	-3.223858	0.208460	0.004692
1.250000	-2.965321	-3.225943	0.208498	0.004684
1.260000	-2.965274	-3.228028	0.208535	0.004676
1.270000	-2.965228	-3.230114	0.208572	0.004667
1.280000	-2.965181	-3.232200	0.208608	0.004658
1.290000	-2.965134	-3.234286	0.208645	0.004648
1.300000	-2.965088	-3.236372	0.208680	0.004638
1.310000	-2.965042	-3.238459	0.208716	0.004627
1.320000	-2.964995	-3.240547	0.208751	0.004617
1.330000	-2.964949	-3.242634	0.208786	0.004606
1.340000	-2.964903	-3.244722	0.208820	0.004594
1.350000	-2.964857	-3.246811	0.208854	0.004583
1.360000	-2.964812	-3.248900	0.208888	0.004571
1.370000	-2.964766	-3.250989	0.208922	0.004559
1.380000	-2.964720	-3.253078	0.208955	0.004547
1.390000	-2.964675	-3.255168	0.208988	0.004534
1.400000	-2.964630	-3.257258	0.209020	0.004521
1.410000	-2.964585	-3.259348	0.209052	0.004508
1.420000	-2.964540	-3.261439	0.209084	0.004495
1.430000	-2.964495	-3.263530	0.209115	0.004481
1.440000	-2.964450	-3.265621	0.209147	0.004468
1.450000	-2.964405	-3.267713	0.209177	0.004454
1.460000	-2.964361	-3.269805	0.209208	0.004440
1.470000	-2.964317	-3.271897	0.209238	0.004426
1.480000	-2.964272	-3.273989	0.209268	0.004411
1.490000	-2.964228	-3.276082	0.209298	0.004397
1.500000	-2.964184	-3.278175	0.209327	0.004382
1.510000	-2.964141	-3.280269	0.209356	0.004368
1.520000	-2.964097	-3.282362	0.209385	0.004353
1.530000	-2.964054	-3.284456	0.209414	0.004338
1.540000	-2.964010	-3.286551	0.209442	0.004323
1.550000	-2.963967	-3.288645	0.209470	0.004307
1.560000	-2.963924	-3.290740	0.209497	0.004292
1.570000	-2.963881	-3.292835	0.209525	0.004277
1.580000	-2.963839	-3.294931	0.209552	0.004261
1.590000	-2.963796	-3.297026	0.209579	0.004246
1.600000	-2.963754	-3.299122	0.209605	0.004230
1.610000	-2.963712	-3.301218	0.209632	0.004214
1.620000	-2.963669	-3.303315	0.209658	0.004199
1.630000	-2.963628	-3.305412	0.209683	0.004183
1.640000	-2.963586	-3.307509	0.209709	0.004167
1.650000	-2.963544	-3.309606	0.209734	0.004151
1.660000	-2.963503	-3.311703	0.209759	0.004135
1.670000	-2.963462	-3.313801	0.209784	0.004119
1.680000	-2.963420	-3.315899	0.209809	0.004103
1.690000	-2.963379	-3.317997	0.209833	0.004087
1.700000	-2.963339	-3.320096	0.209857	0.004071
1.710000	-2.963298	-3.322194	0.209881	0.004055
1.720000	-2.963258	-3.324293	0.209904	0.004038
1.730000	-2.963217	-3.326392	0.209928	0.004022
1.740000	-2.963177	-3.328492	0.209951	0.004006
1.750000	-2.963137	-3.330591	0.209974	0.003990
1.760000	-2.963097	-3.332691	0.209996	0.003974
1.770000	-2.963058	-3.334791	0.210019	0.003957
1.780000	-2.963018	-3.336892	0.210041	0.003941
1.790000	-2.962979	-3.338992	0.210063	0.003925
1.800000	-2.962940	-3.341093	0.210085	0.003909
1.810000	-2.962901	-3.343194	0.210107	0.003893
1.820000	-2.962862	-3.345295	0.210128	0.003876
1.830000	-2.962823	-3.347396	0.210149	0.003860
1.840000	-2.962785	-3.349498	0.210170	0.003844
1.850000	-2.962746	-3.351600	0.210191	0.003828
1.860000	-2.962708	-3.353702	0.210212	0.003812
1.870000	-2.962670	-3.355804	0.210232	0.003796
1.880000	-2.962632	-3.357906	0.210252	0.003780
1.890000	-2.962594	-3.360009	0.210272	0.003764
1.900000	-2.962557	-3.362112	0.210292	0.003747
1.910000	-2.962520	-3.364215	0.210312	0.003731
1.920000	-2.962482	-3.366318	0.210331	0.003715
1.930000	-2.962445	-3.368421	0.210350	0.003700
1.940000	-2.962408	-3.370525	0.210369	0.003684
1.950000	-2.962372	-3.372629	0.210388	0.003668
1.960000	-2.962335	-3.374733	0.210407	0.003652
1.970000	-2.962299	-3.376837	0.210426	0.003636
1.980000	-2.962262	-3.378941	0.210444	0.003620
1.990000	-2.962226	-3.381046	0.210462	0.003605
2.000000	-2.962190	-3.383151	0.210480	0.003589
2.010000	-2.962154	-3.385255	0.210498	0.003573
2.020000	-2.962119	-3.387361	0.210516	0.003558
2.030000	-2.962083	-3.389466	0.210533	0.003542
2.040000	-2.962048	-3.391571	0.210551	0.003527
2.050000	-2.962013	-3.393677	0.210568	0.003511
2.060000	-2.961978	-3.395783	0.210585	0.003496
2.070000	-2.961943	-3.397889	0.210602	0.003481
2.080000	-2.961908	-3.399995	0.210619	0.003465
2.090000	-2.961873	-3.402101	0.210635	0.003450
2.100000	-2.961839	-3.404207	0.210652	0.003435
2.110000	-2.961805	-3.406314	0.210668	0.003420
2.120000	-2.961771	-3.408421	0.210684	0.003405
2.130000	-2.961737	-3.410528	0.210700	0.003390
2.140000	-2.961703	-3.412635	0.210716	0.003375
2.150000	-2.961669	-3.414742	0.210732	0.003360
2.160000	-2.961636	-3.416849	0.210747	0.003345
2.170000	-2.961602	-3.418957	0.210763	0.003330
2.180000	-2.961569	-3.421065	0.210778	0.003315
2.190000	-2.961536	-3.423172	0.210793	0.003301
2.200000	-2.961503	-3.425280	0.210808	0.003286
2.210000	-2.961470	-3.427389	0.210823	0.003271
2.220000	-2.961438	-3.429497	0.210838	0.003257
2.230000	-2.961405	-3.431605	0.210852	0.003243
2.240000	-2.961373	-3.433714	0.210867	0.003228
2.250000	-2.961340	-3.435823	0.210881	0.003214
2.260000	-2.961308	-3.437932	0.210895	0.003200
2.270000	-2.961277	-3.440041	0.210909	0.003185
2.280000	-2.961245	-3.442150	0.210923	0.003171
2.290000	-2.961213	-3.444259	0.210937	0.003157
2.300000	-2.961182	-3.446368	0.210951	0.003143
2.310000	-2.961150	-3.448478	0.210964	0.003129
2.320000	-2.961119	-3.450588	0.210978	0.003115
2.330000	-2.961088	-3.452698	0.210991	0.003102
2.340000	-2.961057	-3.454808	0.211005	0.003088
2.350000	-2.961026	-3.456918	0.211018	0.003074
2.360000	-2.960995	-3.459028	0.211031	0.003060
2.370000	-2.960965	-3.461138	0.211044	0.003047
2.380000	-2.960935	-3.463249	0.211056	0.003033
2.390000	-2.960904	-3.465359	0.211069	0.003020
2.400000	-2.960874	-3.467470	0.211082	0.003007
2.410000	-2.960844	-3.469581	0.211094	0.002993
2.420000	-2.960814	-3.471692	0.211107	0.002980
2.430000	-2.960785	-3.473803	0.211119	0.002967
2.440000	-2.960755	-3.475914	0.211131	0.002954
2.450000	-2.960725	-3.478026	0.211143	0.002941
2.460000	-2.960696	-3.480137	0.211155	0.002928
2.470000	-2.960667	-3.482249	0.211167	0.002915
2.480000	-2.960638	-3.484361	0.211179	0.002902
2.490000	-2.960609	-3.486472	0.211190	0.002889
2.500000	-2.960580	-3.488584	0.211202	0.002876
2.510000	-2.960551	-3.490697	0.211213	0.002864
2.520000	-2.960523	-3.492809	0.211225	0.002851
2.530000	-2.960494	-3.494921	0.211236	0.002838
2.540000	-2.960466	-3.497033	0.211247	0.002826
2.550000	-2.960438	-3.499146	0.211258	0.002814
2.560000	-2.960410	-3.501259	0.211269	0.002801
2.570000	-2.960382	-3.503371	0.211280	0.002789
2.580000	-2.960354	-3.505484	0.211291	0.002777
2.590000	-2.960326	-3.507597	0.211302	0.002765
2.600000	-2.960299	-3.509710	0.211312	0.002752
2.610000	-2.960271	-3.511823	0.211323	0.002740
2.620000	-2.960244	-3.513937	0.211333	0.002728
2.630000	-2.960217	-3.516050	0.211344	0.002716
2.640000	-2.960190	-3.518164	0.211354	0.002705
2.650000	-2.960163	-3.520277	0.211364	0.002693
2.660000	-2.960136	-3.522391	0.211374	0.002681
2.670000	-2.960109	-3.524505	0.211384	0.002669
2.680000	-2.960082	-3.526618	0.211394	0.002658
2.690000	-2.960056	-3.528732	0.211404	0.002646
2.700000	-2.960029	-3.530847	0.211414	0.002635
2.710000	-2.960003	-3.532961	0.211424	0.002623
2.720000	-2.959977	-3.535075	0.211433	0.002612
2.730000	-2.959951	-3.537189	0.211443	0.002601
2.740000	-2.959925	-3.539304	0.211452	0.002589
2.750000	-2.959899	-3.541418	0.211462	0.002578
2.760000	-2.959873	-3.543533	0.211471	0.002567
2.770000	-2.959848	-3.545648	0.211480	0.002556
2.780000	-2.959822	-3.547763	0.211489	0.002545
2.790000	-2.959797	-3.549878	0.211499	0.002534
2.800000	-2.959772	-3.551993	0.211508	0.002523
2.810000	-2.959746	-3.554108	0.211517	0.002512
2.820000	-2.959721	-3.556223	0.211525	0.002502
2.830000	-2.959696	-3.558338	0.211534	0.002491
2.840000	-2.959671	-3.560454	0.211543	0.002480
2.850000	-2.959647	-3.562569	0.211552	0.002470
2.860000	-2.959622	-3.564685	0.211560	0.002459
2.870000	-2.959598	-3.566800	0.211569	0.002449
2.880000	-2.959573	-3.568916	0.211577	0.002438
2.890000	-2.959549	-3.571032	0.211586	0.002428
2.900000	-2.959525	-3.573148	0.211594	0.002417
2.910000	-2.959500	-3.575264	0.211603	0.002407
2.920000	-2.959476	-3.577380	0.211611	0.002397
2.930000	-2.959452	-3.579496	0.211619	0.002387
2.940000	-2.959429	-3.581612	0.211627	0.002377
2.950000	-2.959405	-3.583729	0.211635	0.002367
2.960000	-2.959381	-3.585845	0.211643	0.002357
2.970000	-2.959358	-3.587961	0.211651	0.002347
2.980000	-2.959334	-3.590078	0.211659	0.002337
2.990000	-2.959311	-3.592195	0.211667	0.002327
3.000000	-2.959288	-3.594311	0.211675	0.002317
3.010000	-2.959265	-3.596428	0.211682	0.002308
3.020000	-2.959242	-3.598545	0.211690	0.002298
3.030000	-2.959219	-3.600662	0.211697	0.002288
3.040000	-2.959196	-3.602779	0.211705	0.002279
3.050000	-2.959173	-3.604896	0.211712	0.002269
3.060000	-2.959151	-3.607013	0.211720	0.002260
3.070000	-2.959128	-3.609130	0.211727	0.002250
3.080000	-2.959106	-3.611248	0.211734	0.002241
3.090000	-2.959083	-3.613365	0.211742	0.002232
3.100000	-2.959061	-3.615483	0.211749	0.002222
3.110000	-2.959039	-3.617600	0.211756	0.002213
3.120000	-2.959017	-3.619718	0.211763	0.002204
3.130000	-2.958995	-3.621835	0.211770	0.002195
3.140000	-2.958973	-3.623953	0.211777	0.002186
3.150000	-2.958951	-3.626071	0.211784	0.002177
3.160000	-2.958929	-3.628189	0.211791	0.002168
3.170000	-2.958908	-3.630307	0.211798	0.002159
3.180000	-2.958886	-3.632425	0.211805	0.002150
3.190000	-2.958865	-3.634543	0.211811	0.002141
3.200000	-2.958843	-3.636661	0.211818	0.002133
3.210000	-2.958822	-3.638779	0.211825	0.002124
3.220000	-2.958801	-3.640897	0.211831	0.002115
3.230000	-2.958780	-3.643016	0.211838	0.002107
3.240000	-2.958759	-3.645134	0.211844	0.002098
3.250000	-2.958738	-3.647253	0.211851	0.002090
3.260000	-2.958717	-3.649371	0.211857	0.002081
3.270000	-2.958696	-3.651490	0.211864	0.002073
3.280000	-2.958675	-3.653608	0.211870	0.002064
3.290000	-2.958655	-3.655727	0.211876	0.002056
3.300000	-2.958634	-3.657846	0.211882	0.002048
3.310000	-2.958614	-3.659965	0.211889	0.002039
3.320000	-2.958593	-3.662084	0.211895	0.002031
3.330000	-2.958573	-3.664203	0.211901	0.002023
3.340000	-2.958553	-3.666322	0.211907	0.002015
3.350000	-2.958533	-3.668441	0.211913	0.002007
3.360000	-2.958513	-3.670560	0.211919	0.001999
3.370000	-2.958493	-3.672679	0.211925	0.001991
3.380000	-2.958473	-3.674799	0.211931	0.001983
3.390000	-2.958453	-3.676918	0.211936	0.001975
3.400000	-2.958433	-3.679037	0.211942	0.001967
3.410000	-2.958414	-3.681157	0.211948	0.001959
3.420000	-2.958394	-3.683276	0.211954	0.001952
3.430000	-2.958375	-3.685396	0.211959	0.001944
3.440000	-2.958355	-3.687515	0.211965	0.001936
3.450000	-2.958336	-3.689635	0.211971	0.001928
3.460000	-2.958317	-3.691755	0.211976	0.001921
3.470000	-2.958298	-3.693875	0.211982	0.001913
3.480000	-2.958279	-3.695994	0.211987	0.001906
3.490000	-2.958260	-3.698114	0.211993	0.001898
3.500000	-2.958241	-3.700234	0.211998	0.001891
3.510000	-2.958222	-3.702354	0.212004	0.001883
3.520000	-2.958203	-3.704474	0.212009	0.001876
3.530000	-2.958184	-3.706595	0.212014	0.001869
3.540000	-2.958166	-3.708715	0.212020	0.001861
3.550000	-2.958147	-3.710835	0.212025	0.001854
3.560000	-2.958128	-3.712955	0.212030	0.001847
3.570000	-2.958110	-3.715076	0.212035	0.001840
3.580000	-2.958092	-3.717196	0.212040	0.001833
3.590000	-2.958073	-3.719316	0.212045	0.001826
3.600000	-2.958055	-3.721437	0.212050	0.001819
3.610000	-2.958037	-3.723557	0.212055	0.001812
3.620000	-2.958019	-3.725678	0.212060	0.001805
3.630000	-2.958001	-3.727799	0.212065	0.001798
3.640000	-2.957983	-3.729919	0.212070	0.001791
3.650000	-2.957965	-3.732040	0.212075	0.001784
3.660000	-2.957947	-3.734161	0.212080	0.001777
3.670000	-2.957930	-3.736282	0.212085	0.001770
3.680000	-2.957912	-3.738402	0.212090	0.001763
3.690000	-2.957894	-3.740523	0.212095	0.001757
3.700000	-2.957877	-3.742644	0.212099	0.001750
3.710000	-2.957859	-3.744765	0.212104	0.001743
3.720000	-2.957842	-3.746886	0.212109	0.001737
3.730000	-2.957825	-3.749008	0.212113	0.001730
3.740000	-2.957807	-3.751129	0.212118	0.001724
3.750000	-2.957790	-3.753250	0.212123	0.001717
3.760000	-2.957773	-3.755371	0.212127	0.001711
3.770000	-2.957756	-3.757492	0.212132	0.001704
3.780000	-2.957739	-3.759614	0.212136	0.001698
3.790000	-2.957722	-3.761735	0.212141	0.001691
3.800000	-2.957705	-3.763857	0.212145	0.001685
3.810000	-2.957688	-3.765978	0.212150	0.001679
3.820000	-2.957671	-3.768100	0.212154	0.001672
3.830000	-2.957655	-3.770221	0.212158	0.001666
3.840000	-2.957638	-3.772343	0.212163	0.001660
3.850000	-2.957622	-3.774464	0.212167	0.001654
3.860000	-2.957605	-3.776586	0.212171	0.001648
3.870000	-2.957589	-3.778708	0.212175	0.001642
3.880000	-2.957572	-3.780830	0.212180	0.001635
3.890000	-2.957556	-3.782951	0.212184	0.001629
3.900000	-2.957540	-3.785073	0.212188	0.001623
3.910000	-2.957523	-3.787195	0.212192	0.001617
3.920000	-2.957507	-3.789317	0.212196	0.001611
3.930000	-2.957491	-3.791439	0.212200	0.001606
3.940000	-2.957475	-3.793561	0.212205	0.001600
3.950000	-2.957459	-3.795683	0.212209	0.001594
3.960000	-2.957443	-3.797805	0.212213	0.001588
3.970000	-2.957427	-3.799927	0.212217	0.001582
3.980000	-2.957412	-3.802050	0.212221	0.001576
3.990000	-2.957396	-3.804172	0.212225	0.001571
4.000000	-2.957380	-3.806294	0.212228	0.001565
4.010000	-2.957365	-3.808416	0.212232	0.001559
4.020000	-2.957349	-3.810539	0.212236	0.001553
4.030000	-2.957334	-3.812661	0.212240	0.001548
4.040000	-2.957318	-3.814784	0.212244	0.001542
4.050000	-2.957303	-3.816906	0.212248	0.001537
4.060000	-2.957287	-3.819028	0.212252	0.001531
4.070000	-2.957272	-3.821151	0.212255	0.001526
4.080000	-2.957257	-3.823274	0.212259	0.001520
4.090000	-2.957242	-3.825396	0.212263	0.001515
4.100000	-2.957227	-3.827519	0.212266	0.001509
4.110000	-2.957212	-3.829642	0.212270	0.001504
4.120000	-2.957197	-3.831764	0.212274	0.001498
4.130000	-2.957182	-3.833887	0.212277	0.001493
4.140000	-2.957167	-3.836010	0.212281	0.001488
4.150000	-2.957152	-3.838133	0.212285	0.001482
4.160000	-2.957137	-3.840255	0.212288	0.001477
4.170000	-2.957122	-3.842378	0.212292	0.001472
4.180000	-2.957108	-3.844501	0.212295	0.001467
4.190000	-2.957093	-3.846624	0.212299	0.001462
4.200000	-2.957078	-3.848747	0.212302	0.001456
4.210000	-2.957064	-3.850870	0.212306	0.001451
4.220000	-2.957049	-3.852993	0.212309	0.001446
4.230000	-2.957035	-3.855117	0.212312	0.001441
4.240000	-2.957020	-3.857240	0.212316	0.001436
4.250000	-2.957006	-3.859363	0.212319	0.001431
4.260000	-2.956992	-3.861486	0.212323	0.001426
4.270000	-2.956978	-3.863609	0.212326	0.001421
4.280000	-2.956963	-3.865733	0.212329	0.001416
4.290000	-2.956949	-3.867856	0.212333	0.001411
4.300000	-2.956935	-3.869979	0.212336	0.001406
4.310000	-2.956921	-3.872103	0.212339	0.001401
4.320000	-2.956907	-3.874226	0.212342	0.001396
4.330000	-2.956893	-3.876349	0.212346	0.001392
4.340000	-2.956879	-3.878473	0.212349	0.001387
4.350000	-2.956866	-3.880596	0.212352	0.001382
4.360000	-2.956852	-3.882720	0.212355	0.001377
4.370000	-2.956838	-3.884844	0.212358	0.001372
4.380000	-2.956824	-3.886967	0.212361	0.001368
4.390000	-2.956811	-3.889091	0.212364	0.001363
4.400000	-2.956797	-3.891214	0.212368	0.001358
4.410000	-2.956783	-3.893338	0.212371	0.001354
4.420000	-2.956770	-3.895462	0.212374	0.001349
4.430000	-2.956756	-3.897586	0.212377	0.001344
4.440000	-2.956743	-3.899709	0.212380	0.001340
4.450000	-2.956730	-3.901833	0.212383	0.001335
4.460000	-2.956716	-3.903957	0.212386	0.001331
4.470000	-2.956703	-3.906081	0.212389	0.001326
4.480000	-2.956690	-3.908205	0.212392	0.001322
4.490000	-2.956677	-3.910329	0.212395	0.001317
4.500000	-2.956663	-3.912453	0.212398	0.001313
4.510000	-2.956650	-3.914577	0.212401	0.001308
4.520000	-2.956637	-3.916701	0.212403	0.001304
4.530000	-2.956624	-3.918825	0.212406	0.001300
4.540000	-2.956611	-3.920949	0.212409	0.001295
4.550000	-2.956598	-3.923073	0.212412	0.001291
4.560000	-2.956586	-3.925197	0.212415	0.001287
4.570000	-2.956573	-3.927321	0.212418	0.001282
4.580000	-2.956560	-3.929445	0.212420	0.001278
4.590000	-2.956547	-3.931570	0.212423	0.001274
4.600000	-2.956534	-3.933694	0.212426	0.001269
4.610000	-2.956522	-3.935818	0.212429	0.001265
4.620000	-2.956509	-3.937942	0.212431	0.001261
4.630000	-2.956496	-3.940067	0.212434	0.001257
4.640000	-2.956484	-3.942191	0.212437	0.001253
4.650000	-2.956471	-3.944316	0.212440	0.001248
4.660000	-2.956459	-3.946440	0.212442	0.001244
4.670000	-2.956447	-3.948564	0.212445	0.001240
4.680000	-2.956434	-3.950689	0.212448	0.001236
4.690000	-2.956422	-3.952813	0.212450	0.001232
4.700000	-2.956410	-3.954938	0.212453	0.001228
4.710000	-2.956397	-3.957062	0.212455	0.001224
4.720000	-2.956385	-3.959187	0.212458	0.001220
4.730000	-2.956373	-3.961312	0.212461	0.001216
4.740000	-2.956361	-3.963436	0.212463	0.001212
4.750000	-2.956349	-3.965561	0.212466	0.001208
4.760000	-2.956337	-3.967685	0.212468	0.001204
4.770000	-2.956325	-3.969810	0.212471	0.001200
4.780000	-2.956313	-3.971935	0.212473	0.001196
4.790000	-2.956301	-3.974060	0.212476	0.001192
4.800000	-2.956289	-3.976184	0.212478	0.001189
4.810000	-2.956277	-3.978309	0.212481	0.001185
4.820000	-2.956265	-3.980434	0.212483	0.001181
4.830000	-2.956253	-3.982559	0.212486	0.001177
4.840000	-2.956241	-3.984684	0.212488	0.001173
4.850000	-2.956230	-3.986809	0.212490	0.001170
4.860000	-2.956218	-3.988934	0.212493	0.001166
4.870000	-2.956206	-3.991058	0.212495	0.001162
4.880000	-2.956195	-3.993183	0.212498	0.001158
4.890000	-2.956183	-3.995308	0.212500	0.001155
4.900000	-2.956172	-3.997433	0.212502	0.001151
4.910000	-2.956160	-3.999558	0.212505	0.001147
4.920000	-2.956149	-4.001684	0.212507	0.001144
4.930000	-2.956137	-4.003809	0.212509	0.001140
4.940000	-2.956126	-4.005934	0.212512	0.001136
4.950000	-2.956115	-4.008059	0.212514	0.001133
4.960000	-2.956103	-4.010184	0.212516	0.001129
4.970000	-2.956092	-4.012309	0.212519	0.001126
4.980000	-2.956081	-4.014434	0.212521	0.001122
4.990000	-2.956070	-4.016560	0.212523	0.001119
5.000000	-2.956058	-4.018685	0.212525	0.001115
5.010000	-2.956047	-4.020810	0.212527	0.001112
5.020000	-2.956036	-4.022935	0.212530	0.001108
5.030000	-2.956025	-4.025061	0.212532	0.001105
5.040000	-2.956014	-4.027186	0.212534	0.001101
5.050000	-2.956003	-4.029311	0.212536	0.001098
5.060000	-2.955992	-4.031437	0.212538	0.001094
5.070000	-2.955981	-4.033562	0.212541	0.001091
5.080000	-2.955970	-4.035688	0.212543	0.001088
5.090000	-2.955959	-4.037813	0.212545	0.001084
5.100000	-2.955949	-4.039938	0.212547	0.001081
5.110000	-2.955938	-4.042064	0.212549	0.001077
5.120000	-2.955927	-4.044189	0.212551	0.001074
5.130000	-2.955916	-4.046315	0.212553	0.001071
5.140000	-2.955906	-4.048440	0.212555	0.001067
5.150000	-2.955895	-4.050566	0.212557	0.001064
5.160000	-2.955884	-4.052692	0.212560	0.001061
5.170000	-2.955874	-4.054817	0.212562	0.001058
5.180000	-2.955863	-4.056943	0.212564	0.001054
5.190000	-2.955853	-4.059069	0.212566	0.001051
5.200000	-2.955842	-4.061194	0.212568	0.001048
5.210000	-2.955832	-4.063320	0.212570	0.001045
5.220000	-2.955821	-4.065446	0.212572	0.001042
5.230000	-2.955811	-4.067571	0.212574	0.001038
5.240000	-2.955801	-4.069697	0.212576	0.001035
5.250000	-2.955790	-4.071823	0.212578	0.001032
5.260000	-2.955780	-4.073949	0.212580	0.001029
5.270000	-2.955770	-4.076074	0.212582	0.001026
5.280000	-2.955759	-4.078200	0.212583	0.001023
5.290000	-2.955749	-4.080326	0.212585	0.001020
5.300000	-2.955739	-4.082452	0.212587	0.001017
5.310000	-2.955729	-4.084578	0.212589	0.001014
5.320000	-2.955719	-4.086704	0.212591	0.001010
5.330000	-2.955709	-4.088830	0.212593	0.001007
5.340000	-2.955699	-4.090956	0.212595	0.001004
5.350000	-2.955689	-4.093082	0.212597	0.001001
5.360000	-2.955679	-4.095208	0.212599	0.000998
5.370000	-2.955669	-4.097334	0.212601	0.000995
5.380000	-2.955659	-4.099460	0.212602	0.000992
5.390000	-2.955649	-4.101586	0.212604	0.000990
5.400000	-2.955639	-4.103712	0.212606	0.000987
5.410000	-2.955629	-4.105838	0.212608	0.000984
5.420000	-2.955619	-4.107964	0.212610	0.000981
5.430000	-2.955609	-4.110090	0.212612	0.000978
5.440000	-2.955600	-4.112216	0.212613	0.000975
5.450000	-2.955590	-4.114342	0.212615	0.000972
5.460000	-2.955580	-4.116468	0.212617	0.000969
5.470000	-2.955571	-4.118594	0.212619	0.000966
5.480000	-2.955561	-4.120721	0.212620	0.000963
5.490000	-2.955551	-4.122847	0.212622	0.000961
5.500000	-2.955542	-4.124973	0.212624	0.000958
5.510000	-2.955532	-4.127099	0.212626	0.000955
5.520000	-2.955523	-4.129226	0.212627	0.000952
5.530000	-2.955513	-4.131352	0.212629	0.000949
5.540000	-2.955504	-4.133478	0.212631	0.000947
5.550000	-2.955494	-4.135605	0.212633	0.000944
5.560000	-2.955485	-4.137731	0.212634	0.000941
5.570000	-2.955475	-4.139857	0.212636	0.000938
5.580000	-2.955466	-4.141984	0.212638	0.000936
5.590000	-2.955457	-4.144110	0.212639	0.000933
5.600000	-2.955447	-4.146236	0.212641	0.000930
5.610000	-2.955438	-4.148363	0.212643	0.000928
5.620000	-2.955429	-4.150489	0.212644	0.000925
5.630000	-2.955419	-4.152616	0.212646	0.000922
5.640000	-2.955410	-4.154742	0.212647	0.000920
5.650000	-2.955401	-4.156869	0.212649	0.000917
5.660000	-2.955392	-4.158995	0.212651	0.000914
5.670000	-2.955383	-4.161122	0.212652	0.000912
5.680000	-2.955374	-4.163248	0.212654	0.000909
5.690000	-2.955365	-4.165375	0.212656	0.000907
5.700000	-2.955356	-4.167501	0.212657	0.000904
5.710000	-2.955347	-4.169628	0.212659	0.000901
5.720000	-2.955338	-4.171754	0.212660	0.000899
5.730000	-2.955329	-4.173881	0.212662	0.000896
5.740000	-2.955320	-4.176008	0.212663	0.000894
5.750000	-2.955311	-4.178134	0.212665	0.000891
5.760000	-2.955302	-4.180261	0.212667	0.000889
5.770000	-2.955293	-4.182388	0.212668	0.000886
5.780000	-2.955284	-4.184514	0.212670	0.000884
5.790000	-2.955275	-4.186641	0.212671	0.000881
5.800000	-2.955266	-4.188768	0.212673	0.000879
5.810000	-2.955258	-4.190895	0.212674	0.000876
5.820000	-2.955249	-4.193021	0.212676	0.000874
5.830000	-2.955240	-4.195148	0.212677	0.000871
5.840000	-2.955232	-4.197275	0.212679	0.000869
5.850000	-2.955223	-4.199402	0.212680	0.000866
5.860000	-2.955214	-4.201528	0.212682	0.000864
5.870000	-2.955206	-4.203655	0.212683	0.000862
5.880000	-2.955197	-4.205782	0.212685	0.000859
5.890000	-2.955188	-4.207909	0.212686	0.000857
5.900000	-2.955180	-4.210036	0.212687	0.000854
5.910000	-2.955171	-4.212163	0.212689	0.000852
5.920000	-2.955163	-4.214290	0.212690	0.000850
5.930000	-2.955154	-4.216416	0.212692	0.000847
5.940000	-2.955146	-4.218543	0.212693	0.000845
5.950000	-2.955137	-4.220670	0.212695	0.000843
5.960000	-2.955129	-4.222797	0.212696	0.000840
5.970000	-2.955121	-4.224924	0.212697	0.000838
5.980000	-2.955112	-4.227051	0.212699	0.000836
5.990000	-2.955104	-4.229178	0.212700	0.000833
6.000000	-2.955096	-4.231305	0.212702	0.000831
6.010000	-2.955087	-4.233432	0.212703	0.000829
6.020000	-2.955079	-4.235559	0.212704	0.000826
6.030000	-2.955071	-4.237686	0.212706	0.000824
6.040000	-2.955062	-4.239813	0.212707	0.000822
6.050000	-2.955054	-4.241941	0.212708	0.000820
6.060000	-2.955046	-4.244068	0.212710	0.000817
6.070000	-2.955038	-4.246195	0.212711	0.000815
6.080000	-2.955030	-4.248322	0.212713	0.000813
6.090000	-2.955022	-4.250449	0.212714	0.000811
6.100000	-2.955014	-4.252576	0.212715	0.000809
6.110000	-2.955006	-4.254703	0.212716	0.000806
6.120000	-2.954997	-4.256830	0.212718	0.000804
6.130000	-2.954989	-4.258958	0.212719	0.000802
6.140000	-2.954981	-4.261085	0.212720	0.000800
6.150000	-2.954973	-4.263212	0.212722	0.000798
6.160000	-2.954965	-4.265339	0.212723	0.000796
6.170000	-2.954958	-4.267466	0.212724	0.000794
6.180000	-2.954950	-4.269594	0.212726	0.000791
6.190000	-2.954942	-4.271721	0.212727	0.000789
6.200000	-2.954934	-4.273848	0.212728	0.000787
6.210000	-2.954926	-4.275976	0.212729	0.000785
6.220000	-2.954918	-4.278103	0.212731	0.000783
6.230000	-2.954910	-4.280230	0.212732	0.000781
6.240000	-2.954902	-4.282357	0.212733	0.000779
6.250000	-2.954895	-4.284485	0.212734	0.000777
6.260000	-2.954887	-4.286612	0.212736	0.000775
6.270000	-2.954879	-4.288740	0.212737	0.000773
6.280000	-2.954871	-4.290867	0.212738	0.000771
6.290000	-2.954864	-4.292994	0.212739	0.000769
6.300000	-2.954856	-4.295122	0.212741	0.000766
6.310000	-2.954848	-4.297249	0.212742	0.000764
6.320000	-2.954841	-4.299377	0.212743	0.000762
6.330000	-2.954833	-4.301504	0.212744	0.000760
6.340000	-2.954826	-4.303631	0.212745	0.000758
6.350000	-2.954818	-4.305759	0.212747	0.000756
6.360000	-2.954810	-4.307886	0.212748	0.000754
6.370000	-2.954803	-4.310014	0.212749	0.000752
6.380000	-2.954795	-4.312141	0.212750	0.000751
6.390000	-2.954788	-4.314269	0.212751	0.000749
6.400000	-2.954780	-4.316396	0.212752	0.000747
6.410000	-2.954773	-4.318524	0.212754	0.000745
6.420000	-2.954766	-4.320651	0.212755	0.000743
6.430000	-2.954758	-4.322779	0.212756	0.000741
6.440000	-2.954751	-4.324907	0.212757	0.000739
6.450000	-2.954743	-4.327034	0.212758	0.000737
6.460000	-2.954736	-4.329162	0.212759	0.000735
6.470000	-2.954729	-4.331289	0.212761	0.000733
6.480000	-2.954721	-4.333417	0.212762	0.000731
6.490000	-2.954714	-4.335545	0.212763	0.000729
6.500000	-2.954707	-4.337672	0.212764	0.000727
6.510000	-2.954700	-4.339800	0.212765	0.000726
6.520000	-2.954692	-4.341927	0.212766	0.000724
6.530000	-2.954685	-4.344055	0.212767	0.000722
6.540000	-2.954678	-4.346183	0.212768	0.000720
6.550000	-2.954671	-4.348311	0.212769	0.000718
6.560000	-2.954663	-4.350438	0.212771	0.000716
6.570000	-2.954656	-4.352566	0.212772	0.000715
6.580000	-2.954649	-4.354694	0.212773	0.000713
6.590000	-2.954642	-4.356821	0.212774	0.000711
6.600000	-2.954635	-4.358949	0.212775	0.000709
6.610000	-2.954628	-4.361077	0.212776	0.000707
6.620000	-2.954621	-4.363205	0.212777	0.000705
6.630000	-2.954614	-4.365332	0.212778	0.000704
6.640000	-2.954607	-4.367460	0.212779	0.000702
6.650000	-2.954600	-4.369588	0.212780	0.000700
6.660000	-2.954593	-4.371716	0.212781	0.000698
6.670000	-2.954586	-4.373844	0.212782	0.000697
6.680000	-2.954579	-4.375971	0.212783	0.000695
6.690000	-2.954572	-4.378099	0.212784	0.000693
6.700000	-2.954565	-4.380227	0.212785	0.000691
6.710000	-2.954558	-4.382355	0.212786	0.000690
6.720000	-2.954551	-4.384483	0.212787	0.000688
6.730000	-2.954544	-4.386611	0.212788	0.000686
6.740000	-2.954537	-4.388739	0.212790	0.000684
6.750000	-2.954531	-4.390867	0.212791	0.000683
6.760000	-2.954524	-4.392994	0.212792	0.000681
6.770000	-2.954517	-4.395122	0.212793	0.000679
6.780000	-2.954510	-4.397250	0.212794	0.000678
6.790000	-2.954503	-4.399378	0.212795	0.000676
6.800000	-2.954497	-4.401506	0.212796	0.000674
6.810000	-2.954490	-4.403634	0.212797	0.000673
6.820000	-2.954483	-4.405762	0.212797	0.000671
6.830000	-2.954477	-4.407890	0.212798	0.000669
6.840000	-2.954470	-4.410018	0.212799	0.000668
6.850000	-2.954463	-4.412146	0.212800	0.000666
6.860000	-2.954456	-4.414274	0.212801	0.000664
6.870000	-2.954450	-4.416402	0.212802	0.000663
6.880000	-2.954443	-4.418530	0.212803	0.000661
6.890000	-2.954437	-4.420658	0.212804	0.000659
6.900000	-2.954430	-4.422786	0.212805	0.000658
6.910000	-2.954423	-4.424914	0.212806	0.000656
6.920000	-2.954417	-4.427042	0.212807	0.000655
6.930000	-2.954410	-4.429170	0.212808	0.000653
6.940000	-2.954404	-4.431299	0.212809	0.000651
6.950000	-2.954397	-4.433427	0.212810	0.000650
6.960000	-2.954391	-4.435555	0.212811	0.000648
6.970000	-2.954384	-4.437683	0.212812	0.000647
6.980000	-2.954378	-4.439811	0.212813	0.000645
6.990000	-2.954371	-4.441939	0.212814	0.000644
7.000000	-2.954365	-4.444067	0.212815	0.000642
7.010000	-2.954359	-4.446195	0.212816	0.000640
7.020000	-2.954352	-4.448324	0.212816	0.000639
7.030000	-2.954346	-4.450452	0.212817	0.000637
7.040000	-2.954340	-4.452580	0.212818	0.000636
7.050000	-2.954333	-4.454708	0.212819	0.000634
7.060000	-2.954327	-4.456836	0.212820	0.000633
7.070000	-2.954321	-4.458964	0.212821	0.000631
7.080000	-2.954314	-4.461093	0.212822	0.000630
7.090000	-2.954308	-4.463221	0.212823	0.000628
7.100000	-2.954302	-4.465349	0.212824	0.000627
7.110000	-2.954295	-4.467477	0.212824	0.000625
7.120000	-2.954289	-4.469606	0.212825	0.000624
7.130000	-2.954283	-4.471734	0.212826	0.000622
7.140000	-2.954277	-4.473862	0.212827	0.000621
7.150000	-2.954270	-4.475990	0.212828	0.000619
7.160000	-2.954264	-4.478119	0.212829	0.000618
7.170000	-2.954258	-4.480247	0.212830	0.000616
7.180000	-2.954252	-4.482375	0.212831	0.000615
7.190000	-2.954246	-4.484504	0.212831	0.000613
7.200000	-2.954240	-4.486632	0.212832	0.000612
7.210000	-2.954234	-4.488760	0.212833	0.000610
7.220000	-2.954228	-4.490889	0.212834	0.000609
7.230000	-2.954221	-4.493017	0.212835	0.000608
7.240000	-2.954215	-4.495145	0.212836	0.000606
7.250000	-2.954209	-4.497274	0.212836	0.000605
7.260000	-2.954203	-4.499402	0.212837	0.000603
7.270000	-2.954197	-4.501530	0.212838	0.000602
7.280000	-2.954191	-4.503659	0.212839	0.000600
7.290000	-2.954185	-4.505787	0.212840	0.000599
7.300000	-2.954179	-4.507916	0.212841	0.000598
7.310000	-2.954173	-4.510044	0.212841	0.000596
7.320000	-2.954167	-4.512172	0.212842	0.000595
7.330000	-2.954161	-4.514301	0.212843	0.000594
7.340000	-2.954155	-4.516429	0.212844	0.000592
7.350000	-2.954150	-4.518558	0.212845	0.000591
7.360000	-2.954144	-4.520686	0.212845	0.000589
7.370000	-2.954138	-4.522815	0.212846	0.000588
7.380000	-2.954132	-4.524943	0.212847	0.000587
7.390000	-2.954126	-4.527072	0.212848	0.000585
7.400000	-2.954120	-4.529200	0.212849	0.000584
7.410000	-2.954114	-4.531329	0.212849	0.000583
7.420000	-2.954109	-4.533457	0.212850	0.000581
7.430000	-2.954103	-4.535586	0.212851	0.000580
7.440000	-2.954097	-4.537714	0.212852	0.000579
7.450000	-2.954091	-4.539843	0.212853	0.000577
7.460000	-2.954085	-4.541971	0.212853	0.000576
7.470000	-2.954080	-4.544100	0.212854	0.000575
7.480000	-2.954074	-4.546228	0.212855	0.000573
7.490000	-2.954068	-4.548357	0.212856	0.000572
7.500000	-2.954062	-4.550485	0.212856	0.000571
7.510000	-2.954057	-4.552614	0.212857	0.000569
7.520000	-2.954051	-4.554742	0.212858	0.000568
7.530000	-2.954045	-4.556871	0.212859	0.000567
7.540000	-2.954040	-4.559000	0.212859	0.000565
7.550000	-2.954034	-4.561128	0.212860	0.000564
7.560000	-2.954028	-4.563257	0.212861	0.000563
7.570000	-2.954023	-4.565385	0.212862	0.000562
7.580000	-2.954017	-4.567514	0.212862	0.000560
7.590000	-2.954012	-4.569643	0.212863	0.000559
7.600000	-2.954006	-4.571771	0.212864	0.000558
7.610000	-2.954000	-4.573900	0.212865	0.000557
7.620000	-2.953995	-4.576029	0.212865	0.000555
7.630000	-2.953989	-4.578157	0.212866	0.000554
7.640000	-2.953984	-4.580286	0.212867	0.000553
7.650000	-2.953978	-4.582415	0.212867	0.000552
7.660000	-2.953973	-4.584543	0.212868	0.000550
7.670000	-2.953967	-4.586672	0.212869	0.000549
7.680000	-2.953962	-4.588801	0.212870	0.000548
7.690000	-2.953956	-4.590929	0.212870	0.000547
7.700000	-2.953951	-4.593058	0.212871	0.000545
7.710000	-2.953945	-4.595187	0.212872	0.000544
7.720000	-2.953940	-4.597316	0.212872	0.000543
7.730000	-2.953935	-4.599444	0.212873	0.000542
7.740000	-2.953929	-4.601573	0.212874	0.000541
7.750000	-2.953924	-4.603702	0.212875	0.000539
7.760000	-2.953918	-4.605830	0.212875	0.000538
7.770000	-2.953913	-4.607959	0.212876	0.000537
7.780000	-2.953908	-4.610088	0.212877	0.000536
7.790000	-2.953902	-4.612217	0.212877	0.000535
7.800000	-2.953897	-4.614346	0.212878	0.000533
7.810000	-2.953892	-4.616474	0.212879	0.000532
7.820000	-2.953886	-4.618603	0.212879	0.000531
7.830000	-2.953881	-4.620732	0.212880	0.000530
7.840000	-2.953876	-4.622861	0.212881	0.000529
7.850000	-2.953870	-4.624990	0.212881	0.000528
7.860000	-2.953865	-4.627118	0.212882	0.000526
7.870000	-2.953860	-4.629247	0.212883	0.000525
7.880000	-2.953855	-4.631376	0.212883	0.000524
7.890000	-2.953849	-4.633505	0.212884	0.000523
7.900000	-2.953844	-4.635634	0.212885	0.000522
7.910000	-2.953839	-4.637763	0.212885	0.000521
7.920000	-2.953834	-4.639891	0.212886	0.000520
7.930000	-2.953829	-4.642020	0.212887	0.000518
7.940000	-2.953823	-4.644149	0.212887	0.000517
7.950000	-2.953818	-4.646278	0.212888	0.000516
7.960000	-2.953813	-4.648407	0.212889	0.000515
7.970000	-2.953808	-4.650536	0.212889	0.000514
7.980000	-2.953803	-4.652665	0.212890	0.000513
7.990000	-2.953798	-4.654794	0.212891	0.000512
8.000000	-2.953793	-4.656922	0.212891	0.000511
