0.1000	-0.500000000	0.000000001	-0.502248618	0.022486183
0.1100	-0.500000000	0.000000006	-0.502473480	0.022486183
0.1200	-0.500000000	0.000000022	-0.502698342	0.022486184
0.1300	-0.499999999	0.000000068	-0.502923204	0.022486187
0.1400	-0.499999998	0.000000177	-0.503148066	0.022486196
0.1500	-0.499999996	0.000000400	-0.503372928	0.022486215
0.1600	-0.499999990	0.000000810	-0.503597790	0.022486252
0.1700	-0.499999978	0.000001499	-0.503822653	0.022486321
0.1800	-0.499999958	0.000002576	-0.504047517	0.022486435
0.1900	-0.499999925	0.000004158	-0.504272382	0.022486614
0.2000	-0.499999873	0.000006368	-0.504497249	0.022486880
0.2100	-0.499999795	0.000009327	-0.504722120	0.022487259
0.2200	-0.499999684	0.000013147	-0.504946995	0.022487778
0.2300	-0.499999529	0.000017928	-0.505171876	0.022488464
0.2400	-0.499999322	0.000023756	-0.505396765	0.022489346
0.2500	-0.499999050	0.000030696	-0.505621664	0.022490453
0.2600	-0.499998704	0.000038799	-0.505846575	0.022491811
0.2700	-0.499998270	0.000048094	-0.506071501	0.022493446
0.2800	-0.499997738	0.000058596	-0.506296445	0.022495381
0.2900	-0.499997094	0.000070301	-0.506521409	0.022497638
0.3000	-0.499996328	0.000083192	-0.506746398	0.022500235
0.3100	-0.499995427	0.000097240	-0.506971415	0.022503189
0.3200	-0.499994379	0.000112402	-0.507196463	0.022506512
0.3300	-0.499993175	0.000128630	-0.507421547	0.022510217
0.3400	-0.499991803	0.000145867	-0.507646669	0.022514311
0.3500	-0.499990255	0.000164048	-0.507871834	0.022518799
0.3600	-0.499988520	0.000183108	-0.508097046	0.022523686
0.3700	-0.499986590	0.000202976	-0.508322309	0.022528972
0.3800	-0.499984458	0.000223580	-0.508547627	0.022534657
0.3900	-0.499982116	0.000244847	-0.508773004	0.022540738
0.4000	-0.499979559	0.000266706	-0.508998443	0.022547211
0.4100	-0.499976780	0.000289083	-0.509223949	0.022554071
0.4200	-0.499973776	0.000311909	-0.509449526	0.022561310
0.4300	-0.499970541	0.000335114	-0.509675177	0.022568921
0.4400	-0.499967072	0.000358633	-0.509900906	0.022576894
0.4500	-0.499963367	0.000382402	-0.510126716	0.022585219
0.4600	-0.499959424	0.000406358	-0.510352611	0.022593886
0.4700	-0.499955240	0.000430444	-0.510578595	0.022602883
0.4800	-0.499950814	0.000454604	-0.510804670	0.022612199
0.4900	-0.499946147	0.000478787	-0.511030840	0.022621821
0.5000	-0.499941239	0.000502943	-0.511257107	0.022631737
0.5100	-0.499936089	0.000527027	-0.511483475	0.022641934
0.5200	-0.499930699	0.000550994	-0.511709947	0.022652400
0.5300	-0.499925069	0.000574806	-0.511936524	0.022663122
0.5400	-0.499919203	0.000598426	-0.512163210	0.022674087
0.5500	-0.499913102	0.000621819	-0.512390007	0.022685282
0.5600	-0.499906768	0.000644955	-0.512616916	0.022696694
0.5700	-0.499900204	0.000667804	-0.512843941	0.022708312
0.5800	-0.499893413	0.000690341	-0.513071083	0.022720122
0.5900	-0.499886398	0.000712542	-0.513298344	0.022732113
0.6000	-0.499879163	0.000734386	-0.513525726	0.022744272
0.6100	-0.499871711	0.000755854	-0.513753230	0.022756588
0.6200	-0.499864047	0.000776930	-0.513980858	0.022769050
0.6300	-0.499856174	0.000797597	-0.514208612	0.022781647
0.6400	-0.499848097	0.000817844	-0.514436492	0.022794367
0.6500	-0.499839819	0.000837659	-0.514664499	0.022807201
0.6600	-0.499831345	0.000857032	-0.514892636	0.022820138
0.6700	-0.499822680	0.000875956	-0.515120902	0.022833169
0.6800	-0.499813827	0.000894424	-0.515349300	0.022846283
0.6900	-0.499804793	0.000912430	-0.515577828	0.022859472
0.7000	-0.499795580	0.000929972	-0.515806489	0.022872727
0.7100	-0.499786195	0.000947046	-0.516035283	0.022886040
0.7200	-0.499776641	0.000963650	-0.516264210	0.022899402
0.7300	-0.499766923	0.000979785	-0.516493271	0.022912805
0.7400	-0.499757047	0.000995449	-0.516722467	0.022926243
0.7500	-0.499747016	0.001010645	-0.516951796	0.022939707
0.7600	-0.499736835	0.001025375	-0.517181261	0.022953191
0.7700	-0.499726510	0.001039641	-0.517410860	0.022966689
0.7800	-0.499716044	0.001053446	-0.517640595	0.022980193
0.7900	-0.499705443	0.001066794	-0.517870464	0.022993698
0.8000	-0.499694710	0.001079691	-0.518100468	0.023007198
0.8100	-0.499683850	0.001092140	-0.518330608	0.023020688
0.8200	-0.499672868	0.001104147	-0.518560882	0.023034163
0.8300	-0.499661769	0.001115718	-0.518791291	0.023047617
0.8400	-0.499650556	0.001126859	-0.519021834	0.023061046
0.8500	-0.499639233	0.001137577	-0.519252512	0.023074446
0.8600	-0.499627805	0.001147879	-0.519483323	0.023087812
0.8700	-0.499616277	0.001157770	-0.519714268	0.023101139
0.8800	-0.499604651	0.001167259	-0.519945346	0.023114426
0.8900	-0.499592933	0.001176353	-0.520176556	0.023127667
0.9000	-0.499581126	0.001185059	-0.520407899	0.023140860
0.9100	-0.499569233	0.001193384	-0.520639373	0.023154000
0.9200	-0.499557259	0.001201338	-0.520870979	0.023167087
0.9300	-0.499545207	0.001208926	-0.521102715	0.023180116
0.9400	-0.499533082	0.001216158	-0.521334581	0.023193084
0.9500	-0.499520885	0.001223040	-0.521566576	0.023205990
0.9600	-0.499508622	0.001229582	-0.521798701	0.023218832
0.9700	-0.499496295	0.001235790	-0.522030953	0.023231606
0.9800	-0.499483907	0.001241672	-0.522263333	0.023244311
0.9900	-0.499471463	0.001247237	-0.522495839	0.023256946
1.0000	-0.499458964	0.001252492	-0.522728471	0.023269508
1.0100	-0.499446414	0.001257444	-0.522961229	0.023281995
1.0200	-0.499433816	0.001262102	-0.523194111	0.023294407
1.0300	-0.499421173	0.001266473	-0.523427117	0.023306742
1.0400	-0.499408487	0.001270564	-0.523660245	0.023318998
1.0500	-0.499395762	0.001274384	-0.523893496	0.023331175
1.0600	-0.499383000	0.001277938	-0.524126869	0.023343272
1.0700	-0.499370204	0.001281235	-0.524360362	0.023355287
1.0800	-0.499357377	0.001284281	-0.524593974	0.023367220
1.0900	-0.499344520	0.001287084	-0.524827706	0.023379070
1.1000	-0.499331636	0.001289650	-0.525061555	0.023390836
1.1100	-0.499318727	0.001291986	-0.525295522	0.023402518
1.1200	-0.499305797	0.001294099	-0.525529605	0.023414115
1.1300	-0.499292846	0.001295995	-0.525763804	0.023425627
1.1400	-0.499279878	0.001297681	-0.525998118	0.023437053
1.1500	-0.499266893	0.001299163	-0.526232545	0.023448393
1.1600	-0.499253895	0.001300447	-0.526467085	0.023459647
1.1700	-0.499240885	0.001301539	-0.526701737	0.023470814
1.1800	-0.499227865	0.001302445	-0.526936501	0.023481895
1.1900	-0.499214837	0.001303171	-0.527171375	0.023492890
1.2000	-0.499201802	0.001303722	-0.527406359	0.023503797
1.2100	-0.499188763	0.001304104	-0.527641451	0.023514618
1.2200	-0.499175720	0.001304322	-0.527876651	0.023525353
1.2300	-0.499162677	0.001304382	-0.528111958	0.023536001
1.2400	-0.499149633	0.001304289	-0.528347370	0.023546562
1.2500	-0.499136591	0.001304047	-0.528582888	0.023557038
1.2600	-0.499123553	0.001303662	-0.528818511	0.023567427
1.2700	-0.499110519	0.001303139	-0.529054237	0.023577731
1.2800	-0.499097491	0.001302481	-0.529290065	0.023587949
1.2900	-0.499084470	0.001301694	-0.529525995	0.023598082
1.3000	-0.499071457	0.001300782	-0.529762027	0.023608130
1.3100	-0.499058454	0.001299749	-0.529998158	0.023618094
1.3200	-0.499045462	0.001298600	-0.530234388	0.023627974
1.3300	-0.499032483	0.001297338	-0.530470717	0.023637770
1.3400	-0.499019516	0.001295968	-0.530707143	0.023647483
1.3500	-0.499006564	0.001294493	-0.530943666	0.023657113
1.3600	-0.498993627	0.001292917	-0.531180285	0.023666661
1.3700	-0.498980706	0.001291244	-0.531416999	0.023676127
1.3800	-0.498967802	0.001289477	-0.531653808	0.023685511
1.3900	-0.498954916	0.001287620	-0.531890709	0.023694815
1.4000	-0.498942050	0.001285677	-0.532127704	0.023704038
1.4100	-0.498929203	0.001283650	-0.532364790	0.023713182
1.4200	-0.498916377	0.001281542	-0.532601967	0.023722246
1.4300	-0.498903573	0.001279357	-0.532839234	0.023731232
1.4400	-0.498890790	0.001277098	-0.533076591	0.023740140
1.4500	-0.498878031	0.001274767	-0.533314037	0.023748970
1.4600	-0.498865295	0.001272368	-0.533551570	0.023757723
1.4700	-0.498852584	0.001269903	-0.533789191	0.023766400
1.4800	-0.498839897	0.001267375	-0.534026898	0.023775001
1.4900	-0.498827236	0.001264786	-0.534264691	0.023783527
1.5000	-0.498814602	0.001262140	-0.534502568	0.023791978
1.5100	-0.498801994	0.001259437	-0.534740530	0.023800355
1.5200	-0.498789413	0.001256682	-0.534978575	0.023808659
1.5300	-0.498776860	0.001253875	-0.535216703	0.023816891
1.5400	-0.498764336	0.001251020	-0.535454913	0.023825050
1.5500	-0.498751840	0.001248118	-0.535693204	0.023833138
1.5600	-0.498739374	0.001245171	-0.535931575	0.023841155
1.5700	-0.498726937	0.001242182	-0.536170027	0.023849102
1.5800	-0.498714530	0.001239152	-0.536408557	0.023856979
1.5900	-0.498702154	0.001236084	-0.536647166	0.023864788
1.6000	-0.498689809	0.001232979	-0.536885853	0.023872528
1.6100	-0.498677494	0.001229839	-0.537124616	0.023880200
1.6200	-0.498665212	0.001226666	-0.537363457	0.023887805
1.6300	-0.498652961	0.001223461	-0.537602372	0.023895344
1.6400	-0.498640743	0.001220226	-0.537841363	0.023902817
1.6500	-0.498628557	0.001216963	-0.538080428	0.023910225
1.6600	-0.498616404	0.001213673	-0.538319568	0.023917569
1.6700	-0.498604283	0.001210358	-0.538558780	0.023924848
1.6800	-0.498592197	0.001207018	-0.538798064	0.023932064
1.6900	-0.498580143	0.001203656	-0.539037421	0.023939218
1.7000	-0.498568123	0.001200273	-0.539276848	0.023946309
1.7100	-0.498556138	0.001196869	-0.539516347	0.023953339
1.7200	-0.498544186	0.001193447	-0.539755915	0.023960307
1.7300	-0.498532269	0.001190008	-0.539995553	0.023967216
1.7400	-0.498520386	0.001186552	-0.540235259	0.023974065
1.7500	-0.498508538	0.001183081	-0.540475034	0.023980855
1.7600	-0.498496724	0.001179596	-0.540714876	0.023987586
1.7700	-0.498484946	0.001176098	-0.540954785	0.023994259
1.7800	-0.498473203	0.001172587	-0.541194761	0.024000876
1.7900	-0.498461494	0.001169066	-0.541434803	0.024007435
1.8000	-0.498449821	0.001165535	-0.541674910	0.024013938
1.8100	-0.498438184	0.001161994	-0.541915081	0.024020385
1.8200	-0.498426581	0.001158446	-0.542155317	0.024026778
1.8300	-0.498415015	0.001154890	-0.542395617	0.024033116
1.8400	-0.498403484	0.001151327	-0.542635979	0.024039400
1.8500	-0.498391988	0.001147758	-0.542876404	0.024045630
1.8600	-0.498380528	0.001144185	-0.543116892	0.024051808
1.8700	-0.498369105	0.001140607	-0.543357440	0.024057934
1.8800	-0.498357716	0.001137026	-0.543598050	0.024064007
1.8900	-0.498346364	0.001133442	-0.543838720	0.024070030
1.9000	-0.498335047	0.001129856	-0.544079451	0.024076002
1.9100	-0.498323767	0.001126269	-0.544320240	0.024081923
1.9200	-0.498312522	0.001122681	-0.544561089	0.024087795
1.9300	-0.498301313	0.001119092	-0.544801996	0.024093618
1.9400	-0.498290140	0.001115504	-0.545042961	0.024099392
1.9500	-0.498279003	0.001111916	-0.545283984	0.024105118
1.9600	-0.498267902	0.001108330	-0.545525063	0.024110797
1.9700	-0.498256837	0.001104747	-0.545766199	0.024116428
1.9800	-0.498245807	0.001101165	-0.546007392	0.024122012
1.9900	-0.498234813	0.001097587	-0.546248639	0.024127551
2.0000	-0.498223855	0.001094012	-0.546489942	0.024133044
2.0100	-0.498212933	0.001090441	-0.546731300	0.024138491
2.0200	-0.498202046	0.001086874	-0.546972712	0.024143894
2.0300	-0.498191196	0.001083312	-0.547214178	0.024149252
2.0400	-0.498180380	0.001079755	-0.547455697	0.024154567
2.0500	-0.498169600	0.001076203	-0.547697269	0.024159838
2.0600	-0.498158856	0.001072658	-0.547938894	0.024165067
2.0700	-0.498148147	0.001069119	-0.548180570	0.024170253
2.0800	-0.498137474	0.001065586	-0.548422299	0.024175397
2.0900	-0.498126835	0.001062060	-0.548664078	0.024180499
2.1000	-0.498116232	0.001058542	-0.548905908	0.024185560
2.1100	-0.498105665	0.001055031	-0.549147789	0.024190580
2.1200	-0.498095132	0.001051528	-0.549389720	0.024195560
2.1300	-0.498084634	0.001048033	-0.549631700	0.024200501
2.1400	-0.498074171	0.001044546	-0.549873730	0.024205401
2.1500	-0.498063743	0.001041068	-0.550115808	0.024210263
2.1600	-0.498053350	0.001037599	-0.550357935	0.024215086
2.1700	-0.498042991	0.001034139	-0.550600110	0.024219870
2.1800	-0.498032667	0.001030689	-0.550842332	0.024224617
2.1900	-0.498022377	0.001027248	-0.551084602	0.024229326
2.2000	-0.498012122	0.001023816	-0.551326919	0.024233998
2.2100	-0.498001901	0.001020395	-0.551569282	0.024238634
2.2200	-0.497991714	0.001016984	-0.551811691	0.024243233
2.2300	-0.497981561	0.001013583	-0.552054146	0.024247796
2.2400	-0.497971442	0.001010193	-0.552296647	0.024252324
2.2500	-0.497961357	0.001006813	-0.552539193	0.024256816
2.2600	-0.497951306	0.001003444	-0.552781783	0.024261273
2.2700	-0.497941288	0.001000086	-0.553024418	0.024265696
2.2800	-0.497931304	0.000996740	-0.553267097	0.024270085
2.2900	-0.497921354	0.000993404	-0.553509820	0.024274439
2.3000	-0.497911436	0.000990080	-0.553752586	0.024278761
2.3100	-0.497901552	0.000986767	-0.553995395	0.024283049
2.3200	-0.497891701	0.000983466	-0.554238247	0.024287304
2.3300	-0.497881883	0.000980177	-0.554481141	0.024291527
2.3400	-0.497872097	0.000976899	-0.554724077	0.024295718
2.3500	-0.497862345	0.000973633	-0.554967055	0.024299877
2.3600	-0.497852624	0.000970380	-0.555210074	0.024304004
2.3700	-0.497842937	0.000967138	-0.555453135	0.024308100
2.3800	-0.497833282	0.000963908	-0.555696236	0.024312166
2.3900	-0.497823659	0.000960691	-0.555939378	0.024316201
2.4000	-0.497814068	0.000957486	-0.556182560	0.024320205
2.4100	-0.497804509	0.000954293	-0.556425782	0.024324180
2.4200	-0.497794982	0.000951113	-0.556669044	0.024328125
2.4300	-0.497785487	0.000947945	-0.556912345	0.024332040
2.4400	-0.497776023	0.000944790	-0.557155684	0.024335927
2.4500	-0.497766591	0.000941648	-0.557399063	0.024339785
2.4600	-0.497757190	0.000938517	-0.557642480	0.024343614
2.4700	-0.497747820	0.000935400	-0.557885935	0.024347415
2.4800	-0.497738482	0.000932295	-0.558129428	0.024351188
2.4900	-0.497729174	0.000929203	-0.558372959	0.024354933
2.5000	-0.497719898	0.000926124	-0.558616527	0.024358652
2.5100	-0.497710652	0.000923057	-0.558860132	0.024362343
2.5200	-0.497701437	0.000920004	-0.559103774	0.024366007
2.5300	-0.497692252	0.000916963	-0.559347452	0.024369644
2.5400	-0.497683097	0.000913934	-0.559591166	0.024373256
2.5500	-0.497673973	0.000910919	-0.559834917	0.024376841
2.5600	-0.497664879	0.000907917	-0.560078703	0.024380400
2.5700	-0.497655815	0.000904927	-0.560322525	0.024383934
2.5800	-0.497646780	0.000901950	-0.560566382	0.024387442
2.5900	-0.497637776	0.000898986	-0.560810274	0.024390926
2.6000	-0.497628801	0.000896035	-0.561054200	0.024394384
2.6100	-0.497619855	0.000893097	-0.561298161	0.024397818
2.6200	-0.497610939	0.000890171	-0.561542156	0.024401228
2.6300	-0.497602051	0.000887259	-0.561786186	0.024404614
2.6400	-0.497593193	0.000884359	-0.562030249	0.024407975
2.6500	-0.497584364	0.000881472	-0.562274345	0.024411314
2.6600	-0.497575564	0.000878598	-0.562518475	0.024414628
2.6700	-0.497566792	0.000875736	-0.562762638	0.024417920
2.6800	-0.497558049	0.000872887	-0.563006833	0.024421188
2.6900	-0.497549334	0.000870052	-0.563251061	0.024424434
2.7000	-0.497540648	0.000867228	-0.563495322	0.024427657
2.7100	-0.497531990	0.000864418	-0.563739614	0.024430858
2.7200	-0.497523360	0.000861620	-0.563983939	0.024434036
2.7300	-0.497514757	0.000858835	-0.564228295	0.024437193
2.7400	-0.497506183	0.000856062	-0.564472683	0.024440328
2.7500	-0.497497636	0.000853302	-0.564717101	0.024443442
2.7600	-0.497489117	0.000850554	-0.564961551	0.024446534
2.7700	-0.497480625	0.000847820	-0.565206032	0.024449605
2.7800	-0.497472160	0.000845097	-0.565450543	0.024452656
2.7900	-0.497463723	0.000842387	-0.565695085	0.024455685
2.8000	-0.497455313	0.000839689	-0.565939657	0.024458694
2.8100	-0.497446929	0.000837004	-0.566184259	0.024461683
2.8200	-0.497438573	0.000834331	-0.566428891	0.024464652
2.8300	-0.497430242	0.000831671	-0.566673552	0.024467600
2.8400	-0.497421939	0.000829023	-0.566918243	0.024470529
2.8500	-0.497413662	0.000826387	-0.567162962	0.024473439
2.8600	-0.497405411	0.000823763	-0.567407711	0.024476329
2.8700	-0.497397187	0.000821151	-0.567652489	0.024479199
2.8800	-0.497388988	0.000818552	-0.567897295	0.024482051
2.8900	-0.497380816	0.000815964	-0.568142130	0.024484884
2.9000	-0.497372669	0.000813389	-0.568386993	0.024487698
2.9100	-0.497364548	0.000810825	-0.568631884	0.024490493
2.9200	-0.497356452	0.000808274	-0.568876803	0.024493271
2.9300	-0.497348382	0.000805734	-0.569121749	0.024496030
2.9400	-0.497340338	0.000803206	-0.569366723	0.024498771
2.9500	-0.497332318	0.000800690	-0.569611724	0.024501494
2.9600	-0.497324324	0.000798186	-0.569856753	0.024504199
2.9700	-0.497316354	0.000795694	-0.570101808	0.024506887
2.9800	-0.497308410	0.000793213	-0.570346891	0.024509557
2.9900	-0.497300490	0.000790744	-0.570591999	0.024512211
3.0000	-0.497292595	0.000788286	-0.570837135	0.024514847
3.0100	-0.497284724	0.000785840	-0.571082296	0.024517466
3.0200	-0.497276878	0.000783405	-0.571327484	0.024520068
3.0300	-0.497269056	0.000780982	-0.571572698	0.024522654
3.0400	-0.497261258	0.000778570	-0.571817937	0.024525223
3.0500	-0.497253485	0.000776169	-0.572063202	0.024527776
3.0600	-0.497245735	0.000773780	-0.572308493	0.024530313
3.0700	-0.497238009	0.000771402	-0.572553808	0.024532834
3.0800	-0.497230307	0.000769035	-0.572799149	0.024535338
3.0900	-0.497222628	0.000766679	-0.573044515	0.024537827
3.1000	-0.497214973	0.000764334	-0.573289906	0.024540301
3.1100	-0.497207342	0.000762000	-0.573535321	0.024542759
3.1200	-0.497199733	0.000759677	-0.573780761	0.024545201
3.1300	-0.497192148	0.000757365	-0.574026225	0.024547628
3.1400	-0.497184586	0.000755064	-0.574271713	0.024550041
3.1500	-0.497177047	0.000752774	-0.574517226	0.024552438
3.1600	-0.497169530	0.000750495	-0.574762762	0.024554820
3.1700	-0.497162037	0.000748226	-0.575008322	0.024557188
3.1800	-0.497154566	0.000745968	-0.575253906	0.024559541
3.1900	-0.497147117	0.000743720	-0.575499513	0.024561879
3.2000	-0.497139691	0.000741483	-0.575745143	0.024564204
3.2100	-0.497132288	0.000739256	-0.575990797	0.024566514
3.2200	-0.497124906	0.000737040	-0.576236473	0.024568810
3.2300	-0.497117547	0.000734834	-0.576482173	0.024571092
3.2400	-0.497110210	0.000732639	-0.576727895	0.024573360
3.2500	-0.497102894	0.000730454	-0.576973640	0.024575614
3.2600	-0.497095600	0.000728279	-0.577219407	0.024577855
3.2700	-0.497088328	0.000726114	-0.577465197	0.024580082
3.2800	-0.497081078	0.000723959	-0.577711009	0.024582296
3.2900	-0.497073849	0.000721815	-0.577956843	0.024584497
3.3000	-0.497066642	0.000719680	-0.578202699	0.024586684
3.3100	-0.497059456	0.000717556	-0.578448577	0.024588858
3.3200	-0.497052291	0.000715441	-0.578694476	0.024591020
3.3300	-0.497045147	0.000713336	-0.578940397	0.024593168
3.3400	-0.497038024	0.000711241	-0.579186339	0.024595304
3.3500	-0.497030922	0.000709156	-0.579432303	0.024597427
3.3600	-0.497023841	0.000707080	-0.579678288	0.024599538
3.3700	-0.497016780	0.000705014	-0.579924294	0.024601636
3.3800	-0.497009740	0.000702958	-0.580170321	0.024603722
3.3900	-0.497002721	0.000700911	-0.580416368	0.024605796
3.4000	-0.496995722	0.000698874	-0.580662436	0.024607857
3.4100	-0.496988744	0.000696846	-0.580908525	0.024609907
3.4200	-0.496981785	0.000694827	-0.581154635	0.024611944
3.4300	-0.496974847	0.000692818	-0.581400764	0.024613970
3.4400	-0.496967929	0.000690818	-0.581646914	0.024615984
3.4500	-0.496961031	0.000688828	-0.581893084	0.024617986
3.4600	-0.496954152	0.000686846	-0.582139274	0.024619977
3.4700	-0.496947294	0.000684874	-0.582385483	0.024621957
3.4800	-0.496940455	0.000682911	-0.582631713	0.024623925
3.4900	-0.496933635	0.000680957	-0.582877962	0.024625881
3.5000	-0.496926836	0.000679012	-0.583124230	0.024627827
3.5100	-0.496920055	0.000677075	-0.583370518	0.024629762
3.5200	-0.496913294	0.000675148	-0.583616825	0.024631685
3.5300	-0.496906552	0.000673229	-0.583863152	0.024633598
3.5400	-0.496899829	0.000671320	-0.584109497	0.024635499
3.5500	-0.496893126	0.000669419	-0.584355862	0.024637390
3.5600	-0.496886441	0.000667527	-0.584602245	0.024639271
3.5700	-0.496879775	0.000665643	-0.584848647	0.024641141
3.5800	-0.496873128	0.000663768	-0.585095068	0.024643000
3.5900	-0.496866500	0.000661901	-0.585341507	0.024644849
3.6000	-0.496859890	0.000660043	-0.585587965	0.024646687
3.6100	-0.496853299	0.000658194	-0.585834441	0.024648516
3.6200	-0.496846726	0.000656353	-0.586080935	0.024650334
3.6300	-0.496840172	0.000654520	-0.586327448	0.024652142
3.6400	-0.496833636	0.000652696	-0.586573978	0.024653940
3.6500	-0.496827118	0.000650879	-0.586820526	0.024655728
3.6600	-0.496820618	0.000649071	-0.587067093	0.024657507
3.6700	-0.496814136	0.000647272	-0.587313676	0.024659275
3.6800	-0.496807673	0.000645480	-0.587560278	0.024661034
3.6900	-0.496801227	0.000643696	-0.587806897	0.024662783
3.7000	-0.496794799	0.000641921	-0.588053534	0.024664523
3.7100	-0.496788388	0.000640153	-0.588300188	0.024666253
3.7200	-0.496781996	0.000638394	-0.588546859	0.024667974
3.7300	-0.496775620	0.000636642	-0.588793547	0.024669685
3.7400	-0.496769263	0.000634898	-0.589040252	0.024671388
3.7500	-0.496762922	0.000633162	-0.589286975	0.024673081
3.7600	-0.496756599	0.000631434	-0.589533714	0.024674764
3.7700	-0.496750294	0.000629713	-0.589780470	0.024676439
3.7800	-0.496744005	0.000628001	-0.590027243	0.024678105
3.7900	-0.496737734	0.000626295	-0.590274032	0.024679762
3.8000	-0.496731479	0.000624598	-0.590520838	0.024681410
3.8100	-0.496725242	0.000622908	-0.590767660	0.024683049
3.8200	-0.496719021	0.000621225	-0.591014499	0.024684680
3.8300	-0.496712817	0.000619550	-0.591261354	0.024686302
3.8400	-0.496706630	0.000617882	-0.591508225	0.024687915
3.8500	-0.496700460	0.000616222	-0.591755112	0.024689520
3.8600	-0.496694306	0.000614569	-0.592002015	0.024691116
3.8700	-0.496688168	0.000612923	-0.592248934	0.024692704
3.8800	-0.496682047	0.000611285	-0.592495869	0.024694284
3.8900	-0.496675942	0.000609653	-0.592742820	0.024695855
3.9000	-0.496669854	0.000608029	-0.592989786	0.024697419
3.9100	-0.496663782	0.000606412	-0.593236768	0.024698974
3.9200	-0.496657726	0.000604803	-0.593483766	0.024700520
3.9300	-0.496651686	0.000603200	-0.593730779	0.024702059
3.9400	-0.496645662	0.000601604	-0.593977807	0.024703590
3.9500	-0.496639654	0.000600015	-0.594224851	0.024705113
3.9600	-0.496633661	0.000598433	-0.594471909	0.024706628
3.9700	-0.496627685	0.000596858	-0.594718983	0.024708136
3.9800	-0.496621724	0.000595290	-0.594966072	0.024709635
3.9900	-0.496615779	0.000593729	-0.595213176	0.024711127
4.0000	-0.496609850	0.000592174	-0.595460294	0.024712611
4.0100	-0.496603936	0.000590626	-0.595707428	0.024714088
4.0200	-0.496598037	0.000589085	-0.595954576	0.024715557
4.0300	-0.496592154	0.000587551	-0.596201739	0.024717019
4.0400	-0.496586286	0.000586023	-0.596448917	0.024718473
4.0500	-0.496580433	0.000584502	-0.596696108	0.024719920
4.0600	-0.496574596	0.000582987	-0.596943315	0.024721359
4.0700	-0.496568774	0.000581479	-0.597190536	0.024722792
4.0800	-0.496562966	0.000579977	-0.597437771	0.024724217
4.0900	-0.496557174	0.000578482	-0.597685020	0.024725635
4.1000	-0.496551397	0.000576993	-0.597932283	0.024727046
4.1100	-0.496545634	0.000575510	-0.598179561	0.024728449
4.1200	-0.496539887	0.000574034	-0.598426852	0.024729846
4.1300	-0.496534154	0.000572564	-0.598674158	0.024731236
4.1400	-0.496528435	0.000571100	-0.598921477	0.024732619
4.1500	-0.496522732	0.000569643	-0.599168810	0.024733995
4.1600	-0.496517042	0.000568192	-0.599416157	0.024735364
4.1700	-0.496511368	0.000566747	-0.599663517	0.024736727
4.1800	-0.496505707	0.000565308	-0.599910891	0.024738082
4.1900	-0.496500061	0.000563875	-0.600158279	0.024739431
4.2000	-0.496494430	0.000562448	-0.600405680	0.024740774
4.2100	-0.496488813	0.000561027	-0.600653094	0.024742110
4.2200	-0.496483209	0.000559612	-0.600900522	0.024743439
4.2300	-0.496477620	0.000558203	-0.601147963	0.024744762
4.2400	-0.496472045	0.000556800	-0.601395417	0.024746078
4.2500	-0.496466484	0.000555403	-0.601642885	0.024747388
4.2600	-0.496460937	0.000554012	-0.601890365	0.024748692
4.2700	-0.496455404	0.000552626	-0.602137859	0.024749989
4.2800	-0.496449885	0.000551246	-0.602385365	0.024751280
4.2900	-0.496444379	0.000549872	-0.602632884	0.024752565
4.3000	-0.496438887	0.000548504	-0.602880416	0.024753844
4.3100	-0.496433409	0.000547142	-0.603127961	0.024755116
4.3200	-0.496427944	0.000545785	-0.603375518	0.024756383
4.3300	-0.496422493	0.000544433	-0.603623089	0.024757643
4.3400	-0.496417056	0.000543088	-0.603870671	0.024758898
4.3500	-0.496411631	0.000541747	-0.604118267	0.024760146
4.3600	-0.496406221	0.000540413	-0.604365874	0.024761388
4.3700	-0.496400823	0.000539084	-0.604613494	0.024762625
4.3800	-0.496395439	0.000537760	-0.604861127	0.024763856
4.3900	-0.496390068	0.000536442	-0.605108771	0.024765081
4.4000	-0.496384710	0.000535129	-0.605356428	0.024766300
4.4100	-0.496379365	0.000533822	-0.605604097	0.024767513
4.4200	-0.496374034	0.000532519	-0.605851779	0.024768721
4.4300	-0.496368715	0.000531223	-0.606099472	0.024769923
4.4400	-0.496363409	0.000529931	-0.606347177	0.024771119
4.4500	-0.496358116	0.000528645	-0.606594894	0.024772310
4.4600	-0.496352836	0.000527364	-0.606842623	0.024773495
4.4700	-0.496347569	0.000526088	-0.607090364	0.024774674
4.4800	-0.496342314	0.000524817	-0.607338117	0.024775849
4.4900	-0.496337073	0.000523552	-0.607585881	0.024777017
4.5000	-0.496331843	0.000522291	-0.607833657	0.024778181
4.5100	-0.496326627	0.000521036	-0.608081445	0.024779339
4.5200	-0.496321423	0.000519786	-0.608329244	0.024780491
4.5300	-0.496316231	0.000518541	-0.608577054	0.024781639
4.5400	-0.496311052	0.000517300	-0.608824876	0.024782781
4.5500	-0.496305885	0.000516065	-0.609072710	0.024783918
4.5600	-0.496300731	0.000514835	-0.609320555	0.024785049
4.5700	-0.496295588	0.000513609	-0.609568411	0.024786176
4.5800	-0.496290458	0.000512389	-0.609816278	0.024787297
4.5900	-0.496285341	0.000511173	-0.610064157	0.024788413
4.6000	-0.496280235	0.000509962	-0.610312047	0.024789524
4.6100	-0.496275141	0.000508756	-0.610559947	0.024790630
4.6200	-0.496270060	0.000507555	-0.610807859	0.024791731
4.6300	-0.496264990	0.000506359	-0.611055782	0.024792828
4.6400	-0.496259933	0.000505167	-0.611303716	0.024793919
4.6500	-0.496254887	0.000503980	-0.611551660	0.024795005
4.6600	-0.496249853	0.000502798	-0.611799616	0.024796086
4.6700	-0.496244831	0.000501620	-0.612047582	0.024797163
4.6800	-0.496239820	0.000500447	-0.612295559	0.024798235
4.6900	-0.496234822	0.000499279	-0.612543547	0.024799302
4.7000	-0.496229835	0.000498115	-0.612791545	0.024800364
4.7100	-0.496224860	0.000496956	-0.613039554	0.024801421
4.7200	-0.496219896	0.000495801	-0.613287573	0.024802474
4.7300	-0.496214944	0.000494651	-0.613535603	0.024803522
4.7400	-0.496210003	0.000493505	-0.613783644	0.024804566
4.7500	-0.496205073	0.000492364	-0.614031695	0.024805604
4.7600	-0.496200155	0.000491227	-0.614279756	0.024806639
4.7700	-0.496195249	0.000490094	-0.614527827	0.024807668
4.7800	-0.496190354	0.000488966	-0.614775909	0.024808694
4.7900	-0.496185470	0.000487843	-0.615024001	0.024809714
4.8000	-0.496180597	0.000486723	-0.615272104	0.024810731
4.8100	-0.496175735	0.000485608	-0.615520216	0.024811742
4.8200	-0.496170884	0.000484498	-0.615768338	0.024812750
4.8300	-0.496166045	0.000483391	-0.616016471	0.024813753
4.8400	-0.496161217	0.000482289	-0.616264613	0.024814751
4.8500	-0.496156399	0.000481191	-0.616512766	0.024815746
4.8600	-0.496151593	0.000480097	-0.616760928	0.024816736
4.8700	-0.496146797	0.000479008	-0.617009101	0.024817721
4.8800	-0.496142013	0.000477922	-0.617257283	0.024818703
4.8900	-0.496137239	0.000476841	-0.617505475	0.024819680
4.9000	-0.496132476	0.000475764	-0.617753676	0.024820653
4.9100	-0.496127724	0.000474691	-0.618001888	0.024821622
4.9200	-0.496122982	0.000473622	-0.618250109	0.024822587
4.9300	-0.496118251	0.000472557	-0.618498339	0.024823547
4.9400	-0.496113531	0.000471496	-0.618746580	0.024824504
4.9500	-0.496108821	0.000470439	-0.618994830	0.024825456
4.9600	-0.496104122	0.000469386	-0.619243089	0.024826405
4.9700	-0.496099433	0.000468338	-0.619491358	0.024827349
4.9800	-0.496094755	0.000467293	-0.619739636	0.024828289
4.9900	-0.496090088	0.000466252	-0.619987923	0.024829226
5.0000	-0.496085430	0.000465214	-0.620236220	0.024830158
5.0100	-0.496080783	0.000464181	-0.620484526	0.024831086
5.0200	-0.496076147	0.000463152	-0.620732842	0.024832011
5.0300	-0.496071520	0.000462126	-0.620981167	0.024832932
5.0400	-0.496066904	0.000461104	-0.621229501	0.024833849
5.0500	-0.496062298	0.000460087	-0.621477844	0.024834761
5.0600	-0.496057702	0.000459072	-0.621726196	0.024835671
5.0700	-0.496053117	0.000458062	-0.621974557	0.024836576
5.0800	-0.496048541	0.000457056	-0.622222927	0.024837478
5.0900	-0.496043976	0.000456053	-0.622471307	0.024838375
5.1000	-0.496039420	0.000455053	-0.622719695	0.024839270
5.1100	-0.496034874	0.000454058	-0.622968092	0.024840160
5.1200	-0.496030339	0.000453066	-0.623216498	0.024841047
5.1300	-0.496025813	0.000452078	-0.623464913	0.024841930
5.1400	-0.496021297	0.000451093	-0.623713337	0.024842809
5.1500	-0.496016791	0.000450113	-0.623961769	0.024843685
5.1600	-0.496012295	0.000449135	-0.624210210	0.024844557
5.1700	-0.496007808	0.000448162	-0.624458660	0.024845426
5.1800	-0.496003332	0.000447191	-0.624707119	0.024846291
5.1900	-0.495998865	0.000446225	-0.624955586	0.024847152
5.2000	-0.495994407	0.000445262	-0.625204062	0.024848011
5.2100	-0.495989959	0.000444302	-0.625452546	0.024848865
5.2200	-0.495985521	0.000443346	-0.625701039	0.024849716
5.2300	-0.495981092	0.000442393	-0.625949541	0.024850564
5.2400	-0.495976673	0.000441444	-0.626198050	0.024851408
5.2500	-0.495972264	0.000440498	-0.626446569	0.024852249
5.2600	-0.495967863	0.000439556	-0.626695095	0.024853086
5.2700	-0.495963472	0.000438617	-0.626943630	0.024853920
5.2800	-0.495959091	0.000437681	-0.627192174	0.024854751
5.2900	-0.495954719	0.000436749	-0.627440725	0.024855578
5.3000	-0.495950356	0.000435820	-0.627689285	0.024856402
5.3100	-0.495946002	0.000434895	-0.627937853	0.024857222
5.3200	-0.495941658	0.000433973	-0.628186430	0.024858040
5.3300	-0.495937323	0.000433054	-0.628435014	0.024858854
5.3400	-0.495932997	0.000432138	-0.628683607	0.024859665
5.3500	-0.495928680	0.000431226	-0.628932207	0.024860472
5.3600	-0.495924372	0.000430317	-0.629180816	0.024861277
5.3700	-0.495920074	0.000429411	-0.629429433	0.024862078
5.3800	-0.495915784	0.000428508	-0.629678058	0.024862876
5.3900	-0.495911504	0.000427609	-0.629926691	0.024863671
5.4000	-0.495907232	0.000426712	-0.630175331	0.024864463
5.4100	-0.495902969	0.000425819	-0.630423980	0.024865251
5.4200	-0.495898716	0.000424929	-0.630672636	0.024866037
5.4300	-0.495894471	0.000424043	-0.630921300	0.024866819
5.4400	-0.495890235	0.000423159	-0.631169973	0.024867599
5.4500	-0.495886008	0.000422278	-0.631418652	0.024868375
5.4600	-0.495881789	0.000421401	-0.631667340	0.024869149
5.4700	-0.495877580	0.000420526	-0.631916035	0.024869919
5.4800	-0.495873379	0.000419655	-0.632164738	0.024870686
5.4900	-0.495869186	0.000418787	-0.632413449	0.024871450
5.5000	-0.495865003	0.000417921	-0.632662167	0.024872212
5.5100	-0.495860828	0.000417059	-0.632910893	0.024872970
5.5200	-0.495856662	0.000416200	-0.633159627	0.024873726
5.5300	-0.495852504	0.000415344	-0.633408368	0.024874478
5.5400	-0.495848355	0.000414490	-0.633657116	0.024875228
5.5500	-0.495844214	0.000413640	-0.633905872	0.024875974
5.5600	-0.495840082	0.000412793	-0.634154636	0.024876718
5.5700	-0.495835958	0.000411948	-0.634403407	0.024877459
5.5800	-0.495831843	0.000411106	-0.634652185	0.024878197
5.5900	-0.495827736	0.000410268	-0.634900971	0.024878933
5.6000	-0.495823638	0.000409432	-0.635149764	0.024879665
5.6100	-0.495819548	0.000408599	-0.635398564	0.024880395
5.6200	-0.495815466	0.000407769	-0.635647372	0.024881122
5.6300	-0.495811392	0.000406942	-0.635896186	0.024881846
5.6400	-0.495807327	0.000406118	-0.636145008	0.024882568
5.6500	-0.495803270	0.000405296	-0.636393838	0.024883286
5.6600	-0.495799221	0.000404477	-0.636642674	0.024884002
5.6700	-0.495795180	0.000403661	-0.636891518	0.024884716
5.6800	-0.495791148	0.000402848	-0.637140369	0.024885426
5.6900	-0.495787123	0.000402038	-0.637389226	0.024886134
5.7000	-0.495783107	0.000401230	-0.637638091	0.024886839
5.7100	-0.495779099	0.000400425	-0.637886963	0.024887542
5.7200	-0.495775098	0.000399623	-0.638135842	0.024888242
5.7300	-0.495771106	0.000398823	-0.638384728	0.024888939
5.7400	-0.495767122	0.000398027	-0.638633621	0.024889634
5.7500	-0.495763146	0.000397233	-0.638882521	0.024890326
5.7600	-0.495759177	0.000396441	-0.639131427	0.024891016
5.7700	-0.495755217	0.000395652	-0.639380341	0.024891703
5.7800	-0.495751264	0.000394866	-0.639629261	0.024892387
5.7900	-0.495747319	0.000394083	-0.639878189	0.024893069
5.8000	-0.495743383	0.000393302	-0.640127123	0.024893748
5.8100	-0.495739453	0.000392524	-0.640376064	0.024894425
5.8200	-0.495735532	0.000391748	-0.640625011	0.024895100
5.8300	-0.495731618	0.000390975	-0.640873966	0.024895771
5.8400	-0.495727713	0.000390204	-0.641122927	0.024896441
5.8500	-0.495723814	0.000389436	-0.641371894	0.024897108
5.8600	-0.495719924	0.000388671	-0.641620869	0.024897772
5.8700	-0.495716041	0.000387908	-0.641869850	0.024898434
5.8800	-0.495712166	0.000387148	-0.642118837	0.024899094
5.8900	-0.495708298	0.000386390	-0.642367832	0.024899751
5.9000	-0.495704438	0.000385635	-0.642616832	0.024900406
5.9100	-0.495700585	0.000384882	-0.642865840	0.024901058
5.9200	-0.495696740	0.000384131	-0.643114854	0.024901708
5.9300	-0.495692903	0.000383384	-0.643363874	0.024902356
5.9400	-0.495689073	0.000382638	-0.643612901	0.024903001
5.9500	-0.495685250	0.000381895	-0.643861934	0.024903644
5.9600	-0.495681435	0.000381155	-0.644110974	0.024904285
5.9700	-0.495677627	0.000380416	-0.644360020	0.024904923
5.9800	-0.495673826	0.000379681	-0.644609072	0.024905559
5.9900	-0.495670033	0.000378947	-0.644858131	0.024906193
6.0000	-0.495666247	0.000378217	-0.645107196	0.024906825
6.0100	-0.495662469	0.000377488	-0.645356267	0.024907454
6.0200	-0.495658698	0.000376762	-0.645605345	0.024908081
6.0300	-0.495654934	0.000376038	-0.645854429	0.024908706
6.0400	-0.495651177	0.000375316	-0.646103519	0.024909328
6.0500	-0.495647427	0.000374597	-0.646352616	0.024909948
6.0600	-0.495643685	0.000373880	-0.646601718	0.024910567
6.0700	-0.495639950	0.000373166	-0.646850827	0.024911182
6.0800	-0.495636222	0.000372454	-0.647099942	0.024911796
6.0900	-0.495632501	0.000371744	-0.647349063	0.024912408
6.1000	-0.495628787	0.000371036	-0.647598190	0.024913017
6.1100	-0.495625080	0.000370331	-0.647847323	0.024913624
6.1200	-0.495621380	0.000369628	-0.648096462	0.024914229
6.1300	-0.495617687	0.000368927	-0.648345608	0.024914832
6.1400	-0.495614001	0.000368228	-0.648594759	0.024915433
6.1500	-0.495610323	0.000367532	-0.648843916	0.024916031
6.1600	-0.495606651	0.000366838	-0.649093080	0.024916628
6.1700	-0.495602986	0.000366146	-0.649342249	0.024917223
6.1800	-0.495599328	0.000365456	-0.649591424	0.024917815
6.1900	-0.495595677	0.000364768	-0.649840605	0.024918405
6.2000	-0.495592033	0.000364083	-0.650089792	0.024918993
6.2100	-0.495588395	0.000363400	-0.650338985	0.024919580
6.2200	-0.495584765	0.000362719	-0.650588184	0.024920164
6.2300	-0.495581141	0.000362040	-0.650837388	0.024920746
6.2400	-0.495577524	0.000361363	-0.651086599	0.024921326
6.2500	-0.495573913	0.000360688	-0.651335815	0.024921904
6.2600	-0.495570310	0.000360016	-0.651585037	0.024922480
6.2700	-0.495566713	0.000359345	-0.651834264	0.024923054
6.2800	-0.495563123	0.000358677	-0.652083498	0.024923627
6.2900	-0.495559540	0.000358011	-0.652332737	0.024924197
6.3000	-0.495555963	0.000357347	-0.652581982	0.024924765
6.3100	-0.495552393	0.000356685	-0.652831232	0.024925331
6.3200	-0.495548829	0.000356025	-0.653080488	0.024925895
6.3300	-0.495545272	0.000355367	-0.653329750	0.024926458
6.3400	-0.495541722	0.000354711	-0.653579017	0.024927018
6.3500	-0.495538178	0.000354057	-0.653828290	0.024927577
6.3600	-0.495534641	0.000353405	-0.654077569	0.024928133
6.3700	-0.495531110	0.000352755	-0.654326853	0.024928688
6.3800	-0.495527586	0.000352108	-0.654576143	0.024929241
6.3900	-0.495524068	0.000351462	-0.654825438	0.024929792
6.4000	-0.495520556	0.000350818	-0.655074739	0.024930341
6.4100	-0.495517051	0.000350176	-0.655324045	0.024930888
6.4200	-0.495513553	0.000349536	-0.655573356	0.024931434
6.4300	-0.495510061	0.000348898	-0.655822673	0.024931977
6.4400	-0.495506575	0.000348263	-0.656071996	0.024932519
6.4500	-0.495503095	0.000347629	-0.656321324	0.024933059
6.4600	-0.495499622	0.000346997	-0.656570657	0.024933597
6.4700	-0.495496155	0.000346367	-0.656819996	0.024934133
6.4800	-0.495492695	0.000345738	-0.657069340	0.024934667
6.4900	-0.495489241	0.000345112	-0.657318689	0.024935200
6.5000	-0.495485793	0.000344488	-0.657568044	0.024935731
6.5100	-0.495482351	0.000343865	-0.657817404	0.024936260
6.5200	-0.495478915	0.000343245	-0.658066769	0.024936787
6.5300	-0.495475486	0.000342626	-0.658316139	0.024937313
6.5400	-0.495472063	0.000342010	-0.658565515	0.024937837
6.5500	-0.495468646	0.000341395	-0.658814896	0.024938359
6.5600	-0.495465235	0.000340782	-0.659064282	0.024938879
6.5700	-0.495461830	0.000340170	-0.659313674	0.024939398
6.5800	-0.495458431	0.000339561	-0.659563070	0.024939915
6.5900	-0.495455039	0.000338954	-0.659812472	0.024940430
6.6000	-0.495451652	0.000338348	-0.660061879	0.024940943
6.6100	-0.495448272	0.000337744	-0.660311291	0.024941455
6.6200	-0.495444898	0.000337142	-0.660560708	0.024941965
6.6300	-0.495441529	0.000336542	-0.660810130	0.024942474
6.6400	-0.495438167	0.000335943	-0.661059557	0.024942981
6.6500	-0.495434810	0.000335347	-0.661308990	0.024943486
6.6600	-0.495431460	0.000334752	-0.661558427	0.024943989
6.6700	-0.495428115	0.000334159	-0.661807870	0.024944491
6.6800	-0.495424777	0.000333567	-0.662057317	0.024944991
6.6900	-0.495421444	0.000332978	-0.662306769	0.024945490
6.7000	-0.495418117	0.000332390	-0.662556227	0.024945987
6.7100	-0.495414796	0.000331804	-0.662805689	0.024946482
6.7200	-0.495411481	0.000331220	-0.663055156	0.024946976
6.7300	-0.495408172	0.000330637	-0.663304629	0.024947468
6.7400	-0.495404868	0.000330056	-0.663554106	0.024947958
6.7500	-0.495401570	0.000329477	-0.663803588	0.024948447
6.7600	-0.495398279	0.000328900	-0.664053075	0.024948934
6.7700	-0.495394992	0.000328324	-0.664302566	0.024949420
6.7800	-0.495391712	0.000327750	-0.664552063	0.024949904
6.7900	-0.495388437	0.000327178	-0.664801565	0.024950387
6.8000	-0.495385169	0.000326607	-0.665051071	0.024950868
6.8100	-0.495381905	0.000326038	-0.665300582	0.024951348
6.8200	-0.495378648	0.000325470	-0.665550098	0.024951826
6.8300	-0.495375396	0.000324905	-0.665799618	0.024952302
6.8400	-0.495372150	0.000324341	-0.666049144	0.024952777
6.8500	-0.495368909	0.000323778	-0.666298674	0.024953250
6.8600	-0.495365674	0.000323218	-0.666548209	0.024953722
6.8700	-0.495362445	0.000322659	-0.666797748	0.024954193
6.8800	-0.495359221	0.000322101	-0.667047293	0.024954662
6.8900	-0.495356003	0.000321545	-0.667296842	0.024955129
6.9000	-0.495352790	0.000320991	-0.667546395	0.024955595
6.9100	-0.495349583	0.000320438	-0.667795953	0.024956059
6.9200	-0.495346381	0.000319887	-0.668045516	0.024956522
6.9300	-0.495343185	0.000319338	-0.668295084	0.024956984
6.9400	-0.495339994	0.000318790	-0.668544656	0.024957444
6.9500	-0.495336809	0.000318244	-0.668794233	0.024957903
6.9600	-0.495333630	0.000317699	-0.669043814	0.024958360
6.9700	-0.495330455	0.000317156	-0.669293400	0.024958816
6.9800	-0.495327287	0.000316614	-0.669542990	0.024959270
6.9900	-0.495324123	0.000316074	-0.669792585	0.024959723
7.0000	-0.495320965	0.000315535	-0.670042185	0.024960174
7.0100	-0.495317812	0.000314999	-0.670291789	0.024960624
7.0200	-0.495314665	0.000314463	-0.670541397	0.024961073
7.0300	-0.495311523	0.000313929	-0.670791010	0.024961520
7.0400	-0.495308386	0.000313397	-0.671040628	0.024961966
7.0500	-0.495305255	0.000312866	-0.671290250	0.024962411
7.0600	-0.495302129	0.000312337	-0.671539876	0.024962854
7.0700	-0.495299008	0.000311809	-0.671789507	0.024963295
7.0800	-0.495295893	0.000311282	-0.672039142	0.024963736
7.0900	-0.495292783	0.000310758	-0.672288781	0.024964175
7.1000	-0.495289678	0.000310234	-0.672538425	0.024964612
7.1100	-0.495286578	0.000309712	-0.672788074	0.024965049
7.1200	-0.495283484	0.000309192	-0.673037726	0.024965484
7.1300	-0.495280394	0.000308673	-0.673287383	0.024965917
7.1400	-0.495277310	0.000308155	-0.673537045	0.024966349
7.1500	-0.495274231	0.000307639	-0.673786710	0.024966780
7.1600	-0.495271157	0.000307125	-0.674036380	0.024967210
7.1700	-0.495268089	0.000306612	-0.674286054	0.024967638
7.1800	-0.495265025	0.000306100	-0.674535733	0.024968065
7.1900	-0.495261967	0.000305590	-0.674785416	0.024968491
7.2000	-0.495258913	0.000305081	-0.675035103	0.024968915
7.2100	-0.495255865	0.000304573	-0.675284794	0.024969338
7.2200	-0.495252822	0.000304067	-0.675534490	0.024969760
7.2300	-0.495249784	0.000303563	-0.675784189	0.024970181
7.2400	-0.495246751	0.000303060	-0.676033893	0.024970600
7.2500	-0.495243722	0.000302558	-0.676283601	0.024971018
7.2600	-0.495240699	0.000302057	-0.676533314	0.024971434
7.2700	-0.495237681	0.000301558	-0.676783030	0.024971850
7.2800	-0.495234668	0.000301061	-0.677032751	0.024972264
7.2900	-0.495231660	0.000300564	-0.677282475	0.024972677
7.3000	-0.495228657	0.000300070	-0.677532204	0.024973089
7.3100	-0.495225659	0.000299576	-0.677781937	0.024973499
7.3200	-0.495222665	0.000299084	-0.678031674	0.024973908
7.3300	-0.495219677	0.000298593	-0.678281415	0.024974316
7.3400	-0.495216694	0.000298104	-0.678531160	0.024974723
7.3500	-0.495213715	0.000297616	-0.678780910	0.024975129
7.3600	-0.495210741	0.000297129	-0.679030663	0.024975533
7.3700	-0.495207772	0.000296643	-0.679280420	0.024975936
7.3800	-0.495204808	0.000296159	-0.679530182	0.024976338
7.3900	-0.495201849	0.000295677	-0.679779947	0.024976739
7.4000	-0.495198895	0.000295195	-0.680029716	0.024977138
7.4100	-0.495195945	0.000294715	-0.680279490	0.024977536
7.4200	-0.495193000	0.000294236	-0.680529267	0.024977934
7.4300	-0.495190061	0.000293759	-0.680779048	0.024978329
7.4400	-0.495187125	0.000293282	-0.681028834	0.024978724
7.4500	-0.495184195	0.000292807	-0.681278623	0.024979118
7.4600	-0.495181269	0.000292334	-0.681528416	0.024979510
7.4700	-0.495178348	0.000291861	-0.681778213	0.024979902
7.4800	-0.495175432	0.000291390	-0.682028014	0.024980292
7.4900	-0.495172520	0.000290920	-0.682277819	0.024980681
7.5000	-0.495169614	0.000290452	-0.682527628	0.024981069
7.5100	-0.495166711	0.000289985	-0.682777440	0.024981455
7.5200	-0.495163814	0.000289519	-0.683027257	0.024981841
7.5300	-0.495160921	0.000289054	-0.683277077	0.024982225
7.5400	-0.495158033	0.000288590	-0.683526901	0.024982609
7.5500	-0.495155149	0.000288128	-0.683776729	0.024982991
7.5600	-0.495152270	0.000287667	-0.684026561	0.024983372
7.5700	-0.495149396	0.000287207	-0.684276397	0.024983752
7.5800	-0.495146526	0.000286749	-0.684526236	0.024984131
7.5900	-0.495143661	0.000286291	-0.684776079	0.024984508
7.6000	-0.495140800	0.000285835	-0.685025926	0.024984885
7.6100	-0.495137944	0.000285380	-0.685275777	0.024985261
7.6200	-0.495135093	0.000284927	-0.685525632	0.024985635
7.6300	-0.495132246	0.000284474	-0.685775490	0.024986008
7.6400	-0.495129403	0.000284023	-0.686025352	0.024986381
7.6500	-0.495126565	0.000283573	-0.686275217	0.024986752
7.6600	-0.495123732	0.000283124	-0.686525087	0.024987122
7.6700	-0.495120903	0.000282676	-0.686774960	0.024987491
7.6800	-0.495118078	0.000282230	-0.687024837	0.024987859
7.6900	-0.495115258	0.000281784	-0.687274717	0.024988226
7.7000	-0.495112442	0.000281340	-0.687524601	0.024988592
7.7100	-0.495109631	0.000280897	-0.687774489	0.024988957
7.7200	-0.495106824	0.000280455	-0.688024380	0.024989321
7.7300	-0.495104022	0.000280015	-0.688274275	0.024989683
7.7400	-0.495101224	0.000279575	-0.688524174	0.024990045
7.7500	-0.495098431	0.000279137	-0.688774076	0.024990406
7.7600	-0.495095641	0.000278700	-0.689023982	0.024990766
7.7700	-0.495092857	0.000278264	-0.689273891	0.024991124
7.7800	-0.495090076	0.000277829	-0.689523804	0.024991482
7.7900	-0.495087300	0.000277395	-0.689773721	0.024991838
7.8000	-0.495084528	0.000276962	-0.690023641	0.024992194
7.8100	-0.495081761	0.000276531	-0.690273565	0.024992549
7.8200	-0.495078998	0.000276100	-0.690523492	0.024992902
7.8300	-0.495076239	0.000275671	-0.690773423	0.024993255
7.8400	-0.495073484	0.000275243	-0.691023357	0.024993606
7.8500	-0.495070734	0.000274816	-0.691273295	0.024993957
7.8600	-0.495067988	0.000274390	-0.691523236	0.024994306
7.8700	-0.495065246	0.000273965	-0.691773181	0.024994655
7.8800	-0.495062509	0.000273541	-0.692023130	0.024995003
7.8900	-0.495059775	0.000273119	-0.692273081	0.024995349
7.9000	-0.495057046	0.000272697	-0.692523037	0.024995695
7.9100	-0.495054321	0.000272277	-0.692772995	0.024996040
7.9200	-0.495051601	0.000271857	-0.693022957	0.024996383
7.9300	-0.495048884	0.000271439	-0.693272923	0.024996726
7.9400	-0.495046172	0.000271022	-0.693522892	0.024997068
7.9500	-0.495043464	0.000270606	-0.693772864	0.024997409
7.9600	-0.495040760	0.000270191	-0.694022840	0.024997749
7.9700	-0.495038060	0.000269777	-0.694272819	0.024998088
7.9800	-0.495035364	0.000269364	-0.694522802	0.024998426
7.9900	-0.495032673	0.000268952	-0.694772788	0.024998763
8.0000	-0.495029985	0.000268541	-0.695022777	0.024999099
8.0100	-0.495027302	0.000268131	-0.695272770	0.024999434
8.0200	-0.495024623	0.000267722	-0.695522766	0.024999768
8.0300	-0.495021947	0.000267315	-0.695772765	0.025000102
8.0400	-0.495019276	0.000266908	-0.696022768	0.025000434
8.0500	-0.495016609	0.000266502	-0.696272774	0.025000766
8.0600	-0.495013946	0.000266098	-0.696522783	0.025001096
8.0700	-0.495011287	0.000265694	-0.696772796	0.025001426
8.0800	-0.495008632	0.000265292	-0.697022812	0.025001755
8.0900	-0.495005981	0.000264890	-0.697272831	0.025002083
8.1000	-0.495003334	0.000264490	-0.697522853	0.025002410
