i	E(i)	g[i]	hist[i]
0	-2048.000000	0.000000	507180
4	-2040.000000	6.934143	506232
6	-2036.000000	7.628632	481934
8	-2032.000000	13.159174	477843
10	-2028.000000	14.511019	482857
12	-2024.000000	18.983604	474058
14	-2020.000000	20.757042	484674
16	-2016.000000	24.564939	469519
18	-2012.000000	26.607244	486697
20	-2008.000000	29.954649	469857
22	-2004.000000	32.148411	483378
24	-2000.000000	35.197908	468569
26	-1996.000000	37.509380	484786
28	-1992.000000	40.365250	458412
30	-1988.000000	42.726814	470570
32	-1984.000000	45.448086	473324
34	-1980.000000	47.811211	474804
36	-1976.000000	50.412319	484024
38	-1972.000000	52.790993	474870
40	-1968.000000	55.275682	486007
42	-1964.000000	57.655153	478977
44	-1960.000000	60.085098	489418
46	-1956.000000	62.468697	486944
48	-1952.000000	64.828970	488543
50	-1948.000000	67.184732	493225
52	-1944.000000	69.535418	481151
54	-1940.000000	71.853580	484266
56	-1936.000000	74.170189	478888
58	-1932.000000	76.458725	480100
60	-1928.000000	78.728882	477062
62	-1924.000000	80.990705	479883
64	-1920.000000	83.223650	477847
66	-1916.000000	85.481005	473799
68	-1912.000000	87.717264	472317
70	-1908.000000	89.930220	475859
72	-1904.000000	92.132647	475371
74	-1900.000000	94.347416	476188
76	-1896.000000	96.521418	470427
78	-1892.000000	98.714384	479491
80	-1888.000000	100.870962	473401
82	-1884.000000	103.036461	481088
84	-1880.000000	105.179840	481196
86	-1876.000000	107.326113	493481
88	-1872.000000	109.461987	496986
90	-1868.000000	111.594845	486448
92	-1864.000000	113.715202	480224
94	-1860.000000	115.844122	490967
96	-1856.000000	117.944885	490012
98	-1852.000000	120.053194	494897
100	-1848.000000	122.129021	494690
102	-1844.000000	124.213017	495862
104	-1840.000000	126.277950	494834
106	-1836.000000	128.349957	489240
108	-1832.000000	130.405403	485560
110	-1828.000000	132.452318	484951
112	-1824.000000	134.485130	481586
114	-1820.000000	136.536024	478297
116	-1816.000000	138.566603	481763
118	-1812.000000	140.580187	481365
120	-1808.000000	142.615271	487893
122	-1804.000000	144.622375	491316
124	-1800.000000	146.633497	484673
126	-1796.000000	148.629646	481658
128	-1792.000000	150.629776	486326
130	-1788.000000	152.613487	477834
132	-1784.000000	154.603626	486216
134	-1780.000000	156.584257	481705
136	-1776.000000	158.564707	486367
138	-1772.000000	160.532324	476395
140	-1768.000000	162.499228	479799
142	-1764.000000	164.459772	480297
144	-1760.000000	166.421501	480386
146	-1756.000000	168.373308	478635
148	-1752.000000	170.322298	470793
150	-1748.000000	172.258139	476835
152	-1744.000000	174.197693	472924
154	-1740.000000	176.138369	481761
156	-1736.000000	178.068594	481603
158	-1732.000000	180.004942	485205
160	-1728.000000	181.921965	485301
162	-1724.000000	183.844112	480992
164	-1720.000000	185.771866	480174
166	-1716.000000	187.687855	477368
168	-1712.000000	189.588829	480320
170	-1708.000000	191.499502	475459
172	-1704.000000	193.398277	474654
174	-1700.000000	195.296423	482907
176	-1696.000000	197.186340	476604
178	-1692.000000	199.080780	485530
180	-1688.000000	200.953205	479408
182	-1684.000000	202.843233	485231
184	-1680.000000	204.713682	483497
186	-1676.000000	206.596329	482658
188	-1672.000000	208.455908	479907
190	-1668.000000	210.320581	487587
192	-1664.000000	212.187998	478341
194	-1660.000000	214.049210	482552
196	-1656.000000	215.918865	484610
198	-1652.000000	217.775228	486231
200	-1648.000000	219.638845	491599
202	-1644.000000	221.491323	495091
204	-1640.000000	223.344213	496581
206	-1636.000000	225.180397	494224
208	-1632.000000	227.024948	494932
210	-1628.000000	228.856150	497555
212	-1624.000000	230.699423	493125
214	-1620.000000	232.529230	496739
216	-1616.000000	234.367075	496939
218	-1612.000000	236.196728	500092
220	-1608.000000	238.028717	504738
222	-1604.000000	239.840103	511220
224	-1600.000000	241.656256	508121
226	-1596.000000	243.483072	509231
228	-1592.000000	245.289881	500277
230	-1588.000000	247.113840	500141
232	-1584.000000	248.906487	501818
234	-1580.000000	250.720856	505078
236	-1576.000000	252.526115	501608
238	-1572.000000	254.330784	504718
240	-1568.000000	256.132790	499448
242	-1564.000000	257.934353	496370
244	-1560.000000	259.736219	498605
246	-1556.000000	261.521368	494287
248	-1552.000000	263.315218	492127
250	-1548.000000	265.111563	496193
252	-1544.000000	266.897163	498922
254	-1540.000000	268.694265	502271
256	-1536.000000	270.469683	501899
258	-1532.000000	272.258627	498497
260	-1528.000000	274.046602	500641
262	-1524.000000	275.829277	506546
264	-1520.000000	277.597124	502909
266	-1516.000000	279.366831	499609
268	-1512.000000	281.140423	496606
270	-1508.000000	282.914038	492479
272	-1504.000000	284.683596	489341
274	-1500.000000	286.443399	493121
276	-1496.000000	288.218443	490591
278	-1492.000000	289.983021	489272
280	-1488.000000	291.746389	486197
282	-1484.000000	293.516397	485831
284	-1480.000000	295.280373	488704
286	-1476.000000	297.045710	492703
288	-1472.000000	298.796762	489885
290	-1468.000000	300.558784	495882
292	-1464.000000	302.316128	497646
294	-1460.000000	304.069128	499621
296	-1456.000000	305.827921	503305
298	-1452.000000	307.575228	501967
300	-1448.000000	309.329681	505462
302	-1444.000000	311.082010	509789
304	-1440.000000	312.822380	511270
306	-1436.000000	314.573996	516279
308	-1432.000000	316.316120	517936
310	-1428.000000	318.064112	518959
312	-1424.000000	319.811151	518669
314	-1420.000000	321.552776	519092
316	-1416.000000	323.304626	516990
318	-1412.000000	325.031454	514605
320	-1408.000000	326.773081	509643
322	-1404.000000	328.512169	517490
324	-1400.000000	330.251629	515568
326	-1396.000000	331.985207	513398
328	-1392.000000	333.727114	511267
330	-1388.000000	335.447687	514141
332	-1384.000000	337.187006	516491
334	-1380.000000	338.915873	519495
336	-1376.000000	340.650961	516899
338	-1372.000000	342.372849	520650
340	-1368.000000	344.104366	522712
342	-1364.000000	345.824276	520778
344	-1360.000000	347.547024	523040
346	-1356.000000	349.273134	529643
348	-1352.000000	350.988506	531794
350	-1348.000000	352.707088	532964
352	-1344.000000	354.426495	537864
354	-1340.000000	356.136387	534794
356	-1336.000000	357.868511	538952
358	-1332.000000	359.590328	546100
360	-1328.000000	361.299389	541706
362	-1324.000000	363.007074	543151
364	-1320.000000	364.713211	540398
366	-1316.000000	366.417820	543768
368	-1312.000000	368.124258	540191
370	-1308.000000	369.828842	549008
372	-1304.000000	371.535219	549353
374	-1300.000000	373.235184	549424
376	-1296.000000	374.930820	552924
378	-1292.000000	376.630407	553897
380	-1288.000000	378.325447	554578
382	-1284.000000	380.022587	556124
384	-1280.000000	381.710073	553307
386	-1276.000000	383.400124	552652
388	-1272.000000	385.082281	550417
390	-1268.000000	386.766388	552774
392	-1264.000000	388.448984	549753
394	-1260.000000	390.130636	556151
396	-1256.000000	391.816339	557511
398	-1252.000000	393.502583	557418
400	-1248.000000	395.184189	560492
402	-1244.000000	396.858965	562077
404	-1240.000000	398.536245	565849
406	-1236.000000	400.205889	566731
408	-1232.000000	401.871275	563571
410	-1228.000000	403.540018	562985
412	-1224.000000	405.207752	562126
414	-1220.000000	406.863897	564959
416	-1216.000000	408.523273	560338
418	-1212.000000	410.167831	557668
420	-1208.000000	411.827837	561923
422	-1204.000000	413.477076	563655
424	-1200.000000	415.129442	564629
426	-1196.000000	416.768805	565485
428	-1192.000000	418.414003	567051
430	-1188.000000	420.061060	564793
432	-1184.000000	421.696877	564750
434	-1180.000000	423.334944	568125
436	-1176.000000	424.954851	561893
438	-1172.000000	426.591911	565804
440	-1168.000000	428.215614	566256
442	-1164.000000	429.844337	571336
444	-1160.000000	431.463736	575779
446	-1156.000000	433.079924	575997
448	-1152.000000	434.696445	573196
450	-1148.000000	436.311979	574753
452	-1144.000000	437.928810	573090
454	-1140.000000	439.540668	572168
456	-1136.000000	441.145658	571071
458	-1132.000000	442.744301	574122
460	-1128.000000	444.335907	576936
462	-1124.000000	445.929459	568482
464	-1120.000000	447.515459	571241
466	-1116.000000	449.108915	572777
468	-1112.000000	450.690544	572272
470	-1108.000000	452.279259	568546
472	-1104.000000	453.860920	571110
474	-1100.000000	455.437828	568938
476	-1096.000000	457.015051	574005
478	-1092.000000	458.586166	567678
480	-1088.000000	460.153616	569231
482	-1084.000000	461.721504	566052
484	-1080.000000	463.287098	566654
486	-1076.000000	464.850746	572044
488	-1072.000000	466.411854	574178
490	-1068.000000	467.963753	575422
492	-1064.000000	469.518089	572418
494	-1060.000000	471.057611	571689
496	-1056.000000	472.607443	570837
498	-1052.000000	474.153156	578150
500	-1048.000000	475.691643	577732
502	-1044.000000	477.225225	580491
504	-1040.000000	478.759729	583481
506	-1036.000000	480.288094	584096
508	-1032.000000	481.813511	585424
510	-1028.000000	483.333609	585179
512	-1024.000000	484.853928	588402
514	-1020.000000	486.371124	589442
516	-1016.000000	487.877529	592206
518	-1012.000000	489.386679	592009
520	-1008.000000	490.889391	594763
522	-1004.000000	492.381437	595535
524	-1000.000000	493.881184	597008
526	-996.000000	495.368799	599067
528	-992.000000	496.863031	602639
530	-988.000000	498.348316	606354
532	-984.000000	499.840042	604398
534	-980.000000	501.316462	601221
536	-976.000000	502.792538	601956
538	-972.000000	504.267117	603426
540	-968.000000	505.743511	603330
542	-964.000000	507.209698	601182
544	-960.000000	508.673061	598966
546	-956.000000	510.128542	595009
548	-952.000000	511.582533	596849
550	-948.000000	513.030451	592685
552	-944.000000	514.478436	591464
554	-940.000000	515.919142	588333
556	-936.000000	517.361023	587934
558	-932.000000	518.796524	590714
560	-928.000000	520.226061	592695
562	-924.000000	521.653982	590149
564	-920.000000	523.078381	592994
566	-916.000000	524.492558	588718
568	-912.000000	525.900702	589905
570	-908.000000	527.313564	589326
572	-904.000000	528.724051	590585
574	-900.000000	530.129183	593673
576	-896.000000	531.525370	590719
578	-892.000000	532.919783	591127
580	-888.000000	534.303385	586111
582	-884.000000	535.686863	589806
584	-880.000000	537.068871	590252
586	-876.000000	538.441481	591951
588	-872.000000	539.811142	589978
590	-868.000000	541.180918	590041
592	-864.000000	542.545683	585677
594	-860.000000	543.908916	585112
596	-856.000000	545.266598	581870
598	-852.000000	546.620258	585214
600	-848.000000	547.967440	586907
602	-844.000000	549.308416	590029
604	-840.000000	550.653341	588601
606	-836.000000	551.991632	591051
608	-832.000000	553.326805	588304
610	-828.000000	554.656870	591955
612	-824.000000	555.977465	589697
614	-820.000000	557.297844	588626
616	-816.000000	558.612129	590440
618	-812.000000	559.926962	590417
620	-808.000000	561.236425	592519
622	-804.000000	562.542824	593736
624	-800.000000	563.841518	590458
626	-796.000000	565.137032	589584
628	-792.000000	566.422504	587364
630	-788.000000	567.708029	587373
632	-784.000000	568.988779	584709
634	-780.000000	570.258896	584766
636	-776.000000	571.532171	582551
638	-772.000000	572.797222	583916
640	-768.000000	574.063045	582954
642	-764.000000	575.319397	582428
644	-760.000000	576.567602	583207
646	-756.000000	577.814182	581844
648	-752.000000	579.052328	584625
650	-748.000000	580.295622	585459
652	-744.000000	581.525255	579595
654	-740.000000	582.758322	578719
656	-736.000000	583.979853	578137
658	-732.000000	585.194427	575864
660	-728.000000	586.402374	574516
662	-724.000000	587.613270	577178
664	-720.000000	588.815943	570371
666	-716.000000	590.012276	577448
668	-712.000000	591.207232	579931
670	-708.000000	592.397102	580708
672	-704.000000	593.581835	581587
674	-700.000000	594.755459	577738
676	-696.000000	595.926212	574880
678	-692.000000	597.096485	576450
680	-688.000000	598.262285	580861
682	-684.000000	599.419035	582221
684	-680.000000	600.575073	581218
686	-676.000000	601.718204	582414
688	-672.000000	602.859610	579755
690	-668.000000	603.997198	580793
692	-664.000000	605.135752	578789
694	-660.000000	606.262581	575856
696	-656.000000	607.379404	576149
698	-652.000000	608.496216	578382
700	-648.000000	609.606010	579002
702	-644.000000	610.712667	577753
704	-640.000000	611.811350	576907
706	-636.000000	612.906275	575165
708	-632.000000	613.995613	573968
710	-628.000000	615.081333	574118
712	-624.000000	616.161087	573088
714	-620.000000	617.229975	571809
716	-616.000000	618.291494	571515
718	-612.000000	619.358385	573047
720	-608.000000	620.415188	572168
722	-604.000000	621.470276	572664
724	-600.000000	622.513794	571448
726	-596.000000	623.556675	571464
728	-592.000000	624.593771	572973
730	-588.000000	625.622198	574639
732	-584.000000	626.641489	576373
734	-580.000000	627.662016	577445
736	-576.000000	628.673683	575876
738	-572.000000	629.676321	573825
740	-568.000000	630.672888	573705
742	-564.000000	631.666147	571947
744	-560.000000	632.658243	575301
746	-556.000000	633.638889	574374
748	-552.000000	634.616858	574603
750	-548.000000	635.596048	576701
752	-544.000000	636.559792	574884
754	-540.000000	637.520338	577465
756	-536.000000	638.474865	578092
758	-532.000000	639.426052	578942
760	-528.000000	640.367229	579468
762	-524.000000	641.302713	582147
764	-520.000000	642.228142	580590
766	-516.000000	643.150719	579522
768	-512.000000	644.070379	578407
770	-508.000000	644.981638	578473
772	-504.000000	645.892271	578161
774	-500.000000	646.796135	580504
776	-496.000000	647.689516	579365
778	-492.000000	648.583742	579389
780	-488.000000	649.464054	579758
782	-484.000000	650.338867	580890
784	-480.000000	651.207115	578790
786	-476.000000	652.070415	578036
788	-472.000000	652.927877	578701
790	-468.000000	653.777628	578251
792	-464.000000	654.620935	579797
794	-460.000000	655.462563	579212
796	-456.000000	656.293900	575320
798	-452.000000	657.115259	576559
800	-448.000000	657.936201	576337
802	-444.000000	658.746786	575153
804	-440.000000	659.561035	577028
806	-436.000000	660.363377	578632
808	-432.000000	661.156746	576056
810	-428.000000	661.945600	577611
812	-424.000000	662.726782	577383
814	-420.000000	663.504391	579538
816	-416.000000	664.272099	578842
818	-412.000000	665.032730	582708
820	-408.000000	665.789230	581670
822	-404.000000	666.536943	581643
824	-400.000000	667.280027	580591
826	-396.000000	668.013624	577581
828	-392.000000	668.741302	576138
830	-388.000000	669.460962	571327
832	-384.000000	670.173946	571652
834	-380.000000	670.881540	571859
836	-376.000000	671.586645	573607
838	-372.000000	672.284988	573618
840	-368.000000	672.974047	572277
842	-364.000000	673.656761	574158
844	-360.000000	674.332024	573804
846	-356.000000	674.996637	575311
848	-352.000000	675.659204	575975
850	-348.000000	676.311693	572397
852	-344.000000	676.958454	573436
854	-340.000000	677.598574	571909
856	-336.000000	678.229923	570162
858	-332.000000	678.856516	565393
860	-328.000000	679.475220	566812
862	-324.000000	680.094362	568805
864	-320.000000	680.700874	566404
866	-316.000000	681.303429	564618
868	-312.000000	681.895023	565114
870	-308.000000	682.479593	563605
872	-304.000000	683.056763	563386
874	-300.000000	683.628292	562540
876	-296.000000	684.187931	561512
878	-292.000000	684.745636	560004
880	-288.000000	685.296267	561525
882	-284.000000	685.836571	561232
884	-280.000000	686.371178	558570
886	-276.000000	686.901052	557423
888	-272.000000	687.420959	557730
890	-268.000000	687.937948	558781
892	-264.000000	688.447582	558826
894	-260.000000	688.950865	559313
896	-256.000000	689.450184	558030
898	-252.000000	689.935438	558267
900	-248.000000	690.416311	559159
902	-244.000000	690.884794	560797
904	-240.000000	691.347944	560059
906	-236.000000	691.803812	557907
908	-232.000000	692.253557	557497
910	-228.000000	692.689892	557092
912	-224.000000	693.124050	556840
914	-220.000000	693.548576	559510
916	-216.000000	693.962749	558636
918	-212.000000	694.374388	556879
920	-208.000000	694.779600	555227
922	-204.000000	695.176794	554385
924	-200.000000	695.565992	554753
926	-196.000000	695.950768	553578
928	-192.000000	696.327766	551686
930	-188.000000	696.700209	551023
932	-184.000000	697.058779	549973
934	-180.000000	697.413315	550426
936	-176.000000	697.754599	551227
938	-172.000000	698.090290	552058
940	-168.000000	698.418570	552079
942	-164.000000	698.740953	551913
944	-160.000000	699.054302	553338
946	-156.000000	699.362236	554830
948	-152.000000	699.658129	553785
950	-148.000000	699.948677	553996
952	-144.000000	700.232277	554272
954	-140.000000	700.509325	553459
956	-136.000000	700.778551	552605
958	-132.000000	701.036661	552155
960	-128.000000	701.287661	551819
962	-124.000000	701.534960	552599
964	-120.000000	701.772631	554351
966	-116.000000	701.998627	554464
968	-112.000000	702.220728	554635
970	-108.000000	702.433014	555168
972	-104.000000	702.642609	555134
974	-100.000000	702.840403	555393
976	-96.000000	703.033701	553783
978	-92.000000	703.217186	555818
980	-88.000000	703.392120	554204
982	-84.000000	703.557848	551413
984	-80.000000	703.715635	550989
986	-76.000000	703.870321	551293
988	-72.000000	704.016817	551817
990	-68.000000	704.155041	551050
992	-64.000000	704.281965	549871
994	-60.000000	704.405844	549969
996	-56.000000	704.517679	550039
998	-52.000000	704.621815	548966
1000	-48.000000	704.713932	549924
1002	-44.000000	704.798014	549711
1004	-40.000000	704.877018	549032
1006	-36.000000	704.949110	548751
1008	-32.000000	705.015961	549440
1010	-28.000000	705.069345	549329
1012	-24.000000	705.119362	548152
1014	-20.000000	705.168104	547541
1016	-16.000000	705.204588	546555
1018	-12.000000	705.233116	547084
1020	-8.000000	705.254894	547022
1022	-4.000000	705.266701	546790
1024	0.000000	705.272686	547756
1026	4.000000	705.269072	546481
1028	8.000000	705.256893	546708
1030	12.000000	705.238464	546464
1032	16.000000	705.208509	545997
1034	20.000000	705.176397	547141
1036	24.000000	705.134146	548613
1038	28.000000	705.086756	547223
1040	32.000000	705.028193	545765
1042	36.000000	704.960426	544810
1044	40.000000	704.884579	542340
1046	44.000000	704.800568	543146
1048	48.000000	704.712337	545960
1050	52.000000	704.614292	546476
1052	56.000000	704.509409	547875
1054	60.000000	704.394701	548185
1056	64.000000	704.270796	547573
1058	68.000000	704.137003	546055
1060	72.000000	703.999609	545375
1062	76.000000	703.854954	543144
1064	80.000000	703.704742	541830
1066	84.000000	703.544312	541040
1068	88.000000	703.376469	539904
1070	92.000000	703.201767	540478
1072	96.000000	703.017204	539252
1074	100.000000	702.830202	540723
1076	104.000000	702.628790	541161
1078	108.000000	702.422907	540851
1080	112.000000	702.204750	540308
1082	116.000000	701.987219	540407
1084	120.000000	701.756939	540404
1086	124.000000	701.518435	539315
1088	128.000000	701.272293	541076
1090	132.000000	701.019646	540644
1092	136.000000	700.757639	538409
1094	140.000000	700.489281	535938
1096	144.000000	700.212332	533561
1098	148.000000	699.931559	532865
1100	152.000000	699.636961	530755
1102	156.000000	699.337013	530074
1104	160.000000	699.033619	532056
1106	164.000000	698.720713	529655
1108	168.000000	698.397959	527509
1110	172.000000	698.071901	530567
1112	176.000000	697.739599	530957
1114	180.000000	697.391195	530505
1116	184.000000	697.041407	531559
1118	188.000000	696.683678	532460
1120	192.000000	696.318785	534361
1122	196.000000	695.944996	533854
1124	200.000000	695.558437	532598
1126	204.000000	695.171377	531671
1128	208.000000	694.775986	533034
1130	212.000000	694.368481	531448
1132	216.000000	693.956530	530931
1134	220.000000	693.537325	530629
1136	224.000000	693.112711	531407
1138	228.000000	692.675312	532706
1140	232.000000	692.236931	534530
1142	236.000000	691.790283	534502
1144	240.000000	691.330748	535573
1146	244.000000	690.866648	534899
1148	248.000000	690.391397	534249
1150	252.000000	689.920794	534689
1152	256.000000	689.435474	533870
1154	260.000000	688.944599	535858
1156	264.000000	688.447630	536231
1158	268.000000	687.944962	535454
1160	272.000000	687.429113	535779
1162	276.000000	686.905825	533975
1164	280.000000	686.375570	530869
1166	284.000000	685.843492	530919
1168	288.000000	685.305580	527864
1170	292.000000	684.750738	528523
1172	296.000000	684.196482	532279
1174	300.000000	683.633453	530650
1176	304.000000	683.060328	530843
1178	308.000000	682.486681	532379
1180	312.000000	681.902349	535365
1182	316.000000	681.306347	539592
1184	320.000000	680.704615	540889
1186	324.000000	680.098375	542273
1188	328.000000	679.487537	540802
1190	332.000000	678.867260	539268
1192	336.000000	678.246408	538317
1194	340.000000	677.608513	540154
1196	344.000000	676.971308	539537
1198	348.000000	676.320499	538804
1200	352.000000	675.667608	536489
1202	356.000000	675.006052	536703
1204	360.000000	674.334354	541614
1206	364.000000	673.663300	545922
1208	368.000000	672.978968	545713
1210	372.000000	672.291273	545033
1212	376.000000	671.600594	547830
1214	380.000000	670.895990	548019
1216	384.000000	670.186159	545233
1218	388.000000	669.470507	547315
1220	392.000000	668.751581	546989
1222	396.000000	668.022089	548655
1224	400.000000	667.283716	551629
1226	404.000000	666.540901	549326
1228	408.000000	665.792501	552207
1230	412.000000	665.038712	554044
1232	416.000000	664.280479	554106
1234	420.000000	663.513504	555672
1236	424.000000	662.738445	555498
1238	428.000000	661.955912	556103
1240	432.000000	661.168648	558368
1242	436.000000	660.369263	557664
1244	440.000000	659.568605	557057
1246	444.000000	658.762701	556717
1248	448.000000	657.952900	559814
1250	452.000000	657.132956	557965
1252	456.000000	656.308161	557151
1254	460.000000	655.478397	558100
1256	464.000000	654.644506	558757
1258	468.000000	653.801987	557404
1260	472.000000	652.945171	556200
1262	476.000000	652.089260	556730
1264	480.000000	651.225843	558449
1266	484.000000	650.353018	561407
1268	488.000000	649.478266	559903
1270	492.000000	648.598354	558026
1272	496.000000	647.707872	555585
1274	500.000000	646.813774	554616
1276	504.000000	645.913191	558327
1278	508.000000	645.007044	556805
1280	512.000000	644.096258	558299
1282	516.000000	643.177713	559651
1284	520.000000	642.247814	559140
1286	524.000000	641.312386	560288
1288	528.000000	640.373444	565972
1290	532.000000	639.431162	568243
1292	536.000000	638.482912	565131
1294	540.000000	637.532995	565745
1296	544.000000	636.567839	565105
1298	548.000000	635.596632	564731
1300	552.000000	634.620064	564370
1302	556.000000	633.643837	564692
1304	560.000000	632.660780	564031
1306	564.000000	631.672865	564639
1308	568.000000	630.676332	565371
1310	572.000000	629.675373	565548
1312	576.000000	628.670387	565226
1314	580.000000	627.656309	567131
1316	584.000000	626.639654	566447
1318	588.000000	625.623188	565644
1320	592.000000	624.595314	569794
1322	596.000000	623.557676	569121
1324	600.000000	622.515923	568890
1326	604.000000	621.473574	571807
1328	608.000000	620.424789	573588
1330	612.000000	619.364607	574115
1332	616.000000	618.296906	575384
1334	620.000000	617.234125	579213
1336	624.000000	616.163874	578611
1338	628.000000	615.087429	577300
1340	632.000000	614.004232	580995
1342	636.000000	612.916031	582778
1344	640.000000	611.822325	581067
1346	644.000000	610.724789	582458
1348	648.000000	609.621347	582227
1350	652.000000	608.517012	583735
1352	656.000000	607.398647	580292
1354	660.000000	606.277376	579569
1356	664.000000	605.151892	579183
1358	668.000000	604.013926	581197
1360	672.000000	602.872648	578737
1362	676.000000	601.727024	575202
1364	680.000000	600.578762	577356
1366	684.000000	599.428291	579546
1368	688.000000	598.262720	580507
1370	692.000000	597.102674	578559
1372	696.000000	595.928217	579221
1374	700.000000	594.757372	574829
1376	704.000000	593.578232	569180
1378	708.000000	592.395552	569611
1380	712.000000	591.208689	569765
1382	716.000000	590.012331	569433
1384	720.000000	588.819937	569255
1386	724.000000	587.619081	569939
1388	728.000000	586.411364	572471
1390	732.000000	585.198048	573570
1392	736.000000	583.985046	569832
1394	740.000000	582.766697	570870
1396	744.000000	581.540894	573064
1398	748.000000	580.311077	572238
1400	752.000000	579.072327	570608
1402	756.000000	577.830196	570738
1404	760.000000	576.587660	569659
1406	764.000000	575.331930	569351
1408	768.000000	574.075045	572421
1410	772.000000	572.815176	575459
1412	776.000000	571.553123	574302
1414	780.000000	570.280882	575687
1416	784.000000	569.012833	578100
1418	788.000000	567.726246	580700
1420	792.000000	566.444662	580777
1422	796.000000	565.158916	578678
1424	800.000000	563.871307	580242
1426	804.000000	562.574720	583271
1428	808.000000	561.266956	576742
1430	812.000000	559.961563	579314
1432	816.000000	558.647924	578731
1434	820.000000	557.333450	579134
1436	824.000000	556.013319	577305
1438	828.000000	554.689875	576695
1440	832.000000	553.365274	578769
1442	836.000000	552.038853	575700
1444	840.000000	550.700129	575075
1446	844.000000	549.356895	573596
1448	848.000000	548.014088	570400
1450	852.000000	546.664066	567986
1452	856.000000	545.309534	569227
1454	860.000000	543.953140	569180
1456	864.000000	542.591194	570548
1458	868.000000	541.223448	571367
1460	872.000000	539.855482	574227
1462	876.000000	538.483343	572167
1464	880.000000	537.102701	569933
1466	884.000000	535.719458	571741
1468	888.000000	534.330885	566425
1470	892.000000	532.937366	564622
1472	896.000000	531.541340	569266
1474	900.000000	530.145401	571766
1476	904.000000	528.742586	576137
1478	908.000000	527.327826	574541
1480	912.000000	525.917753	575861
1482	916.000000	524.501635	577773
1484	920.000000	523.080015	578287
1486	924.000000	521.652998	574341
1488	928.000000	520.225401	571941
1490	932.000000	518.791399	568843
1492	936.000000	517.358200	568784
1494	940.000000	515.920065	569911
1496	944.000000	514.479456	569239
1498	948.000000	513.032244	571353
1500	952.000000	511.585011	571898
1502	956.000000	510.127651	577574
1504	960.000000	508.671226	577014
1506	964.000000	507.209177	575427
1508	968.000000	505.743109	577163
1510	972.000000	504.272367	572291
1512	976.000000	502.793285	569888
1514	980.000000	501.318039	574358
1516	984.000000	499.837322	576120
1518	988.000000	498.361645	571948
1520	992.000000	496.867411	573481
1522	996.000000	495.377254	571606
1524	1000.000000	493.887699	571570
1526	1004.000000	492.393652	575731
1528	1008.000000	490.894543	573862
1530	1012.000000	489.394440	575438
1532	1016.000000	487.884640	572076
1534	1020.000000	486.376503	570894
1536	1024.000000	484.861488	572342
1538	1028.000000	483.345194	570429
1540	1032.000000	481.824993	572340
1542	1036.000000	480.292154	571033
1544	1040.000000	478.764849	566533
1546	1044.000000	477.235477	567308
1548	1048.000000	475.700249	565994
1550	1052.000000	474.162350	564882
1552	1056.000000	472.627151	566272
1554	1060.000000	471.088705	567485
1556	1064.000000	469.549614	571278
1558	1068.000000	468.000528	573439
1560	1072.000000	466.442257	572558
1562	1076.000000	464.887281	575691
1564	1080.000000	463.327120	578035
1566	1084.000000	461.763031	580552
1568	1088.000000	460.198393	582623
1570	1092.000000	458.626509	577149
1572	1096.000000	457.056849	574843
1574	1100.000000	455.484570	575222
1576	1104.000000	453.898195	574133
1578	1108.000000	452.324251	577639
1580	1112.000000	450.742353	573449
1582	1116.000000	449.149858	570155
1584	1120.000000	447.561913	574024
1586	1124.000000	445.970882	569244
1588	1128.000000	444.371805	570115
1590	1132.000000	442.779716	568428
1592	1136.000000	441.172119	570304
1594	1140.000000	439.575171	569747
1596	1144.000000	437.964363	573268
1598	1148.000000	436.364986	573514
1600	1152.000000	434.746813	576607
1602	1156.000000	433.132196	575589
1604	1160.000000	431.509500	578739
1606	1164.000000	429.890301	576162
1608	1168.000000	428.266611	580501
1610	1172.000000	426.636068	581899
1612	1176.000000	425.004328	584903
1614	1180.000000	423.375776	586121
1616	1184.000000	421.735895	582961
1618	1188.000000	420.105227	585383
1620	1192.000000	418.464430	580075
1622	1196.000000	416.811970	588338
1624	1200.000000	415.167336	585078
1626	1204.000000	413.511442	587437
1628	1208.000000	411.865026	584821
1630	1212.000000	410.211092	587567
1632	1216.000000	408.556231	591195
1634	1220.000000	406.895178	588397
1636	1224.000000	405.232969	587489
1638	1228.000000	403.565462	587411
1640	1232.000000	401.899321	586701
1642	1236.000000	400.224079	587514
1644	1240.000000	398.556309	583166
1646	1244.000000	396.878965	578413
1648	1248.000000	395.211660	578771
1650	1252.000000	393.534969	576860
1652	1256.000000	391.851933	574432
1654	1260.000000	390.169598	575090
1656	1264.000000	388.485352	575882
1658	1268.000000	386.804935	582856
1660	1272.000000	385.119129	584304
1662	1276.000000	383.430546	586322
1664	1280.000000	381.740816	584963
1666	1284.000000	380.046148	585901
1668	1288.000000	378.350365	586088
1670	1292.000000	376.658028	584404
1672	1296.000000	374.966686	581984
1674	1300.000000	373.262867	577428
1676	1304.000000	371.573494	583494
1678	1308.000000	369.872374	578545
1680	1312.000000	368.167652	576664
1682	1316.000000	366.460157	576017
1684	1320.000000	364.752558	573815
1686	1324.000000	363.044365	573136
1688	1328.000000	361.330217	576459
1690	1332.000000	359.620516	578243
1692	1336.000000	357.909624	578785
1694	1340.000000	356.200865	573571
1696	1344.000000	354.484848	573628
1698	1348.000000	352.770027	580030
1700	1352.000000	351.047024	576610
1702	1356.000000	349.330866	574939
1704	1360.000000	347.600492	578163
1706	1364.000000	345.881882	578534
1708	1368.000000	344.156561	573453
1710	1372.000000	342.422733	568266
1712	1376.000000	340.699917	565714
1714	1380.000000	338.977804	563979
1716	1384.000000	337.244644	564872
1718	1388.000000	335.515106	566044
1720	1392.000000	333.786913	565695
1722	1396.000000	332.057278	567476
1724	1400.000000	330.321321	570053
1726	1404.000000	328.594124	573358
1728	1408.000000	326.856516	575203
1730	1412.000000	325.125107	572842
1732	1416.000000	323.379070	575060
1734	1420.000000	321.632671	570704
1736	1424.000000	319.899502	570776
1738	1428.000000	318.157753	572992
1740	1432.000000	316.412804	573048
1742	1436.000000	314.667213	572154
1744	1440.000000	312.918015	570194
1746	1444.000000	311.198029	581648
1748	1448.000000	309.446665	579697
1750	1452.000000	307.708977	588284
1752	1456.000000	305.955338	592116
1754	1460.000000	304.185291	586318
1756	1464.000000	302.444921	585437
1758	1468.000000	300.687151	589609
1760	1472.000000	298.925749	594095
1762	1476.000000	297.171560	597093
1764	1480.000000	295.404758	600948
1766	1484.000000	293.641148	597850
1768	1488.000000	291.883266	594122
1770	1492.000000	290.110088	591956
1772	1496.000000	288.342171	592694
1774	1500.000000	286.568602	591581
1776	1504.000000	284.798220	581735
1778	1508.000000	283.022730	579295
1780	1512.000000	281.249632	580333
1782	1516.000000	279.481728	580104
1784	1520.000000	277.717590	579512
1786	1524.000000	275.938993	580381
1788	1528.000000	274.169155	588676
1790	1532.000000	272.381464	586069
1792	1536.000000	270.600565	590439
1794	1540.000000	268.812685	589667
1796	1544.000000	267.026630	584534
1798	1548.000000	265.234461	586047
1800	1552.000000	263.457783	591344
1802	1556.000000	261.654507	591328
1804	1560.000000	259.874094	598571
1806	1564.000000	258.081655	607385
1808	1568.000000	256.284039	603566
1810	1572.000000	254.479719	604583
1812	1576.000000	252.676149	602945
1814	1580.000000	250.864214	602921
1816	1584.000000	249.059174	603402
1818	1588.000000	247.243326	608999
1820	1592.000000	245.428188	610168
1822	1596.000000	243.612726	614875
1824	1600.000000	241.789211	610212
1826	1604.000000	239.967524	610403
1828	1608.000000	238.146704	617001
1830	1612.000000	236.319118	605986
1832	1616.000000	234.490452	609660
1834	1620.000000	232.665661	604042
1836	1624.000000	230.827490	602243
1838	1628.000000	228.990679	600375
1840	1632.000000	227.149107	604705
1842	1636.000000	225.308155	607988
1844	1640.000000	223.459850	606934
1846	1644.000000	221.608887	611090
1848	1648.000000	219.753071	615600
1850	1652.000000	217.905203	618323
1852	1656.000000	216.048080	616718
1854	1660.000000	214.197798	621277
1856	1664.000000	212.325541	621097
1858	1668.000000	210.470434	616819
1860	1672.000000	208.597958	617500
1862	1676.000000	206.730024	619495
1864	1680.000000	204.850634	618179
1866	1684.000000	202.979393	609338
1868	1688.000000	201.108807	607056
1870	1692.000000	199.232679	601139
1872	1696.000000	197.336563	607154
1874	1700.000000	195.447502	590086
1876	1704.000000	193.551527	593207
1878	1708.000000	191.659163	595681
1880	1712.000000	189.759211	595517
1882	1716.000000	187.859747	594935
1884	1720.000000	185.947844	592665
1886	1724.000000	184.040350	598407
1888	1728.000000	182.131659	595437
1890	1732.000000	180.203066	591229
1892	1736.000000	178.279905	591691
1894	1740.000000	176.338520	595494
1896	1744.000000	174.407934	598969
1898	1748.000000	172.469816	606329
1900	1752.000000	170.537889	610733
1902	1756.000000	168.592367	621345
1904	1760.000000	166.648594	621978
1906	1764.000000	164.688921	626467
1908	1768.000000	162.729984	627122
1910	1772.000000	160.758991	626964
1912	1776.000000	158.790241	628262
1914	1780.000000	156.817080	627525
1916	1784.000000	154.833462	623174
1918	1788.000000	152.862091	631848
1920	1792.000000	150.870354	629054
1922	1796.000000	148.873697	629573
1924	1800.000000	146.877857	635950
1926	1804.000000	144.865078	628644
1928	1808.000000	142.836079	633782
1930	1812.000000	140.823414	631528
1932	1816.000000	138.796129	631519
1934	1820.000000	136.763256	635646
1936	1824.000000	134.739307	639932
1938	1828.000000	132.678862	635271
1940	1832.000000	130.632109	642121
1942	1836.000000	128.573673	636952
1944	1840.000000	126.520905	643860
1946	1844.000000	124.438257	635651
1948	1848.000000	122.355139	633491
1950	1852.000000	120.266062	631913
1952	1856.000000	118.183220	643574
1954	1860.000000	116.081633	634337
1956	1864.000000	113.972681	632235
1958	1868.000000	111.858915	630711
1960	1872.000000	109.733370	630071
1962	1876.000000	107.610472	630199
1964	1880.000000	105.466892	631208
1966	1884.000000	103.332645	631542
1968	1888.000000	101.160067	635159
1970	1892.000000	98.978748	637676
1972	1896.000000	96.807554	638655
1974	1900.000000	94.622826	637272
1976	1904.000000	92.422222	627874
1978	1908.000000	90.201729	618342
1980	1912.000000	87.976454	618429
1982	1916.000000	85.736408	612662
1984	1920.000000	83.485254	601177
1986	1924.000000	81.236412	608632
1988	1928.000000	78.957142	596638
1990	1932.000000	76.676498	606674
1992	1936.000000	74.393814	597526
1994	1940.000000	72.088108	601366
1996	1944.000000	69.785635	612703
1998	1948.000000	67.442387	604070
2000	1952.000000	65.087679	605257
2002	1956.000000	62.701302	614114
2004	1960.000000	60.364740	615159
2006	1964.000000	57.901878	605004
2008	1968.000000	55.516329	601363
2010	1972.000000	53.031076	602999
2012	1976.000000	50.641514	604906
2014	1980.000000	48.085033	609114
2016	1984.000000	45.698992	614797
2018	1988.000000	42.973152	603980
2020	1992.000000	40.622938	609837
2022	1996.000000	37.774828	616059
2024	2000.000000	35.483816	604587
2026	2004.000000	32.434088	619895
2028	2008.000000	30.257410	636645
2030	2012.000000	26.861023	613754
2032	2016.000000	24.849878	616333
2034	2020.000000	21.026175	636675
2036	2024.000000	19.256781	635289
2038	2028.000000	14.846218	645872
2040	2032.000000	13.415167	619885
2042	2036.000000	7.821247	595688
2044	2040.000000	7.142595	599051
2048	2048.000000	0.199341	580408
