i	E(i)	g[i]	hist[i]
0	-4608.000000	0.000000	1350740
4	-4600.000000	7.682274	1365584
6	-4596.000000	8.371561	1338607
8	-4592.000000	14.664539	1385370
10	-4588.000000	16.077284	1394965
12	-4584.000000	21.350889	1432739
14	-4580.000000	23.108231	1438534
16	-4576.000000	27.733442	1447769
18	-4572.000000	29.787865	1414500
20	-4568.000000	33.877258	1438998
22	-4564.000000	36.125605	1428153
24	-4560.000000	39.859051	1428036
26	-4556.000000	42.285170	1423955
28	-4552.000000	45.705376	1420250
30	-4548.000000	48.223223	1414007
32	-4544.000000	51.458284	1424517
34	-4540.000000	54.067732	1452025
36	-4536.000000	57.149874	1442569
38	-4532.000000	59.769781	1475479
40	-4528.000000	62.752094	1459556
42	-4524.000000	65.369724	1460852
44	-4520.000000	68.238119	1444749
46	-4516.000000	70.853430	1433875
48	-4512.000000	73.664911	1429593
50	-4508.000000	76.300678	1435670
52	-4504.000000	79.037621	1458092
54	-4500.000000	81.668427	1439518
56	-4496.000000	84.336517	1425580
58	-4492.000000	86.974827	1443076
60	-4488.000000	89.612713	1429488
62	-4484.000000	92.206398	1439796
64	-4480.000000	94.826653	1437974
66	-4476.000000	97.413984	1439813
68	-4472.000000	100.001705	1450982
70	-4468.000000	102.545071	1434322
72	-4464.000000	105.087416	1442393
74	-4460.000000	107.625536	1443053
76	-4456.000000	110.149817	1435839
78	-4452.000000	112.669882	1439469
80	-4448.000000	115.171900	1441117
82	-4444.000000	117.683027	1460937
84	-4440.000000	120.165377	1456799
86	-4436.000000	122.640892	1468934
88	-4432.000000	125.085341	1456543
90	-4428.000000	127.554583	1456565
92	-4424.000000	129.992783	1457428
94	-4420.000000	132.429224	1462047
96	-4416.000000	134.861036	1455453
98	-4412.000000	137.277266	1461789
100	-4408.000000	139.680937	1454403
102	-4404.000000	142.086262	1462022
104	-4400.000000	144.460171	1447096
106	-4396.000000	146.835465	1449202
108	-4392.000000	149.237494	1448803
110	-4388.000000	151.599186	1462612
112	-4384.000000	153.977568	1462555
114	-4380.000000	156.311340	1473664
116	-4376.000000	158.684618	1471861
118	-4372.000000	161.019791	1463338
120	-4368.000000	163.359907	1493301
122	-4364.000000	165.666613	1477839
124	-4360.000000	168.007389	1491384
126	-4356.000000	170.333296	1497503
128	-4352.000000	172.627716	1476502
130	-4348.000000	174.940477	1490175
132	-4344.000000	177.223269	1484243
134	-4340.000000	179.510399	1486060
136	-4336.000000	181.802824	1483707
138	-4332.000000	184.083515	1501192
140	-4328.000000	186.341065	1500070
142	-4324.000000	188.607447	1495719
144	-4320.000000	190.883852	1510745
146	-4316.000000	193.135899	1500008
148	-4312.000000	195.396895	1516643
150	-4308.000000	197.641426	1509274
152	-4304.000000	199.884024	1515541
154	-4300.000000	202.135645	1523437
156	-4296.000000	204.366486	1516866
158	-4292.000000	206.583363	1516754
160	-4288.000000	208.797014	1523437
162	-4284.000000	211.012772	1529790
164	-4280.000000	213.220305	1532055
166	-4276.000000	215.420702	1527963
168	-4272.000000	217.636202	1531811
170	-4268.000000	219.816832	1529455
172	-4264.000000	222.020950	1532034
174	-4260.000000	224.197678	1533314
176	-4256.000000	226.389750	1547591
178	-4252.000000	228.579119	1553587
180	-4248.000000	230.750458	1557886
182	-4244.000000	232.940712	1561376
184	-4240.000000	235.093178	1563996
186	-4236.000000	237.251738	1549579
188	-4232.000000	239.411005	1551835
190	-4228.000000	241.570715	1544257
192	-4224.000000	243.718098	1543290
194	-4220.000000	245.872799	1554948
196	-4216.000000	248.007473	1547430
198	-4212.000000	250.156885	1562351
200	-4208.000000	252.304926	1569547
202	-4204.000000	254.447926	1578226
204	-4200.000000	256.571463	1585093
206	-4196.000000	258.692829	1581180
208	-4192.000000	260.821369	1586352
210	-4188.000000	262.939413	1581663
212	-4184.000000	265.050631	1584477
214	-4180.000000	267.163124	1588832
216	-4176.000000	269.276440	1594068
218	-4172.000000	271.374336	1581346
220	-4168.000000	273.467819	1590564
222	-4164.000000	275.566309	1590353
224	-4160.000000	277.658739	1595677
226	-4156.000000	279.751280	1589995
228	-4152.000000	281.837175	1583391
230	-4148.000000	283.904596	1589871
232	-4144.000000	285.997860	1598550
234	-4140.000000	288.071989	1592909
236	-4136.000000	290.144283	1599510
238	-4132.000000	292.197220	1584620
240	-4128.000000	294.267191	1594661
242	-4124.000000	296.326742	1598699
244	-4120.000000	298.385409	1608191
246	-4116.000000	300.439882	1606867
248	-4112.000000	302.493204	1617089
250	-4108.000000	304.553679	1615277
252	-4104.000000	306.603457	1609675
254	-4100.000000	308.654959	1616165
256	-4096.000000	310.702477	1615492
258	-4092.000000	312.738190	1606104
260	-4088.000000	314.794556	1611054
262	-4084.000000	316.819367	1604012
264	-4080.000000	318.847864	1613007
266	-4076.000000	320.877482	1606695
268	-4072.000000	322.902382	1606086
270	-4068.000000	324.926798	1609781
272	-4064.000000	326.948927	1610899
274	-4060.000000	328.979756	1617646
276	-4056.000000	330.996111	1624045
278	-4052.000000	333.006983	1616667
280	-4048.000000	335.013304	1608605
282	-4044.000000	337.023222	1612273
284	-4040.000000	339.037987	1619922
286	-4036.000000	341.040108	1612714
288	-4032.000000	343.045464	1608826
290	-4028.000000	345.056337	1614943
292	-4024.000000	347.049563	1616203
294	-4020.000000	349.048584	1618402
296	-4016.000000	351.042959	1619271
298	-4012.000000	353.044071	1618376
300	-4008.000000	355.024674	1618272
302	-4004.000000	357.009653	1601663
304	-4000.000000	358.992022	1603859
306	-3996.000000	360.965002	1597167
308	-3992.000000	362.955898	1598110
310	-3988.000000	364.923967	1586901
312	-3984.000000	366.905874	1593133
314	-3980.000000	368.874884	1581803
316	-3976.000000	370.848293	1585426
318	-3972.000000	372.816403	1585046
320	-3968.000000	374.785175	1592128
322	-3964.000000	376.738657	1585613
324	-3960.000000	378.705017	1586728
326	-3956.000000	380.675758	1595526
328	-3952.000000	382.620937	1594270
330	-3948.000000	384.595919	1604427
332	-3944.000000	386.533152	1601531
334	-3940.000000	388.493755	1604222
336	-3936.000000	390.443188	1599334
338	-3932.000000	392.393522	1601469
340	-3928.000000	394.339647	1599199
342	-3924.000000	396.282555	1602284
344	-3920.000000	398.226595	1604145
346	-3916.000000	400.164980	1602627
348	-3912.000000	402.109280	1606830
350	-3908.000000	404.047468	1611505
352	-3904.000000	405.983538	1614273
354	-3900.000000	407.927515	1614755
356	-3896.000000	409.870752	1626865
358	-3892.000000	411.789536	1618618
360	-3888.000000	413.717583	1630784
362	-3884.000000	415.649222	1622301
364	-3880.000000	417.557417	1631811
366	-3876.000000	419.480276	1631341
368	-3872.000000	421.410441	1630623
370	-3868.000000	423.318010	1627777
372	-3864.000000	425.232693	1627788
374	-3860.000000	427.136257	1619786
376	-3856.000000	429.055895	1629677
378	-3852.000000	430.969706	1633105
380	-3848.000000	432.879416	1635489
382	-3844.000000	434.789431	1639815
384	-3840.000000	436.689297	1639916
386	-3836.000000	438.593989	1636251
388	-3832.000000	440.498230	1638772
390	-3828.000000	442.408310	1635020
392	-3824.000000	444.291973	1629402
394	-3820.000000	446.204851	1637271
396	-3816.000000	448.089480	1629023
398	-3812.000000	449.983595	1643799
400	-3808.000000	451.880379	1639288
402	-3804.000000	453.776772	1651152
404	-3800.000000	455.668324	1647160
406	-3796.000000	457.562033	1650017
408	-3792.000000	459.444285	1649189
410	-3788.000000	461.332834	1648313
412	-3784.000000	463.219473	1642165
414	-3780.000000	465.094084	1635899
416	-3776.000000	466.969938	1634855
418	-3772.000000	468.849222	1629339
420	-3768.000000	470.726006	1625356
422	-3764.000000	472.606650	1626105
424	-3760.000000	474.483210	1629953
426	-3756.000000	476.344063	1625574
428	-3752.000000	478.215197	1626107
430	-3748.000000	480.084978	1626931
432	-3744.000000	481.952580	1614930
434	-3740.000000	483.816239	1619580
436	-3736.000000	485.680618	1617242
438	-3732.000000	487.554878	1625916
440	-3728.000000	489.416811	1620739
442	-3724.000000	491.275187	1623333
444	-3720.000000	493.143604	1630778
446	-3716.000000	495.008864	1637281
448	-3712.000000	496.878882	1634163
450	-3708.000000	498.729904	1632458
452	-3704.000000	500.578056	1623344
454	-3700.000000	502.430151	1614667
456	-3696.000000	504.284063	1623021
458	-3692.000000	506.131445	1617199
460	-3688.000000	507.988381	1620716
462	-3684.000000	509.829115	1616139
464	-3680.000000	511.678742	1615606
466	-3676.000000	513.529797	1619444
468	-3672.000000	515.365204	1607346
470	-3668.000000	517.218674	1610408
472	-3664.000000	519.052855	1603909
474	-3660.000000	520.895775	1600784
476	-3656.000000	522.735722	1603020
478	-3652.000000	524.571247	1597396
480	-3648.000000	526.412512	1602643
482	-3644.000000	528.245884	1594300
484	-3640.000000	530.088654	1606414
486	-3636.000000	531.928194	1615497
488	-3632.000000	533.755406	1605086
490	-3628.000000	535.586716	1605454
492	-3624.000000	537.416289	1598359
494	-3620.000000	539.243843	1600360
496	-3616.000000	541.071943	1598979
498	-3612.000000	542.890337	1594821
500	-3608.000000	544.721106	1600159
502	-3604.000000	546.542797	1605832
504	-3600.000000	548.359440	1597356
506	-3596.000000	550.182635	1594117
508	-3592.000000	552.003611	1591265
510	-3588.000000	553.825661	1593692
512	-3584.000000	555.638992	1592960
514	-3580.000000	557.458670	1598375
516	-3576.000000	559.285614	1600124
518	-3572.000000	561.093620	1589290
520	-3568.000000	562.907482	1597086
522	-3564.000000	564.730190	1597140
524	-3560.000000	566.540117	1593077
526	-3556.000000	568.344519	1584487
528	-3552.000000	570.156117	1576978
530	-3548.000000	571.971329	1576250
532	-3544.000000	573.779978	1575119
534	-3540.000000	575.585671	1575350
536	-3536.000000	577.395493	1570110
538	-3532.000000	579.199679	1565831
540	-3528.000000	581.014876	1570931
542	-3524.000000	582.815575	1569812
544	-3520.000000	584.626108	1572149
546	-3516.000000	586.433609	1576144
548	-3512.000000	588.229178	1566331
550	-3508.000000	590.030770	1569184
552	-3504.000000	591.836527	1576063
554	-3500.000000	593.631422	1570465
556	-3496.000000	595.426464	1568870
558	-3492.000000	597.220287	1562468
560	-3488.000000	599.018555	1566960
562	-3484.000000	600.816042	1571503
564	-3480.000000	602.607264	1575635
566	-3476.000000	604.412565	1584959
568	-3472.000000	606.203633	1580874
570	-3468.000000	607.994719	1584265
572	-3464.000000	609.789902	1584402
574	-3460.000000	611.577841	1588991
576	-3456.000000	613.359112	1581860
578	-3452.000000	615.145497	1588768
580	-3448.000000	616.930216	1587417
582	-3444.000000	618.717093	1589379
584	-3440.000000	620.502558	1589997
586	-3436.000000	622.290518	1586477
588	-3432.000000	624.072653	1593791
590	-3428.000000	625.845555	1585856
592	-3424.000000	627.634653	1588653
594	-3420.000000	629.406407	1588444
596	-3416.000000	631.190136	1588638
598	-3412.000000	632.970291	1589828
600	-3408.000000	634.746308	1593464
602	-3404.000000	636.517918	1588130
604	-3400.000000	638.296404	1589117
606	-3396.000000	640.067284	1592570
608	-3392.000000	641.840185	1595161
610	-3388.000000	643.615660	1598337
612	-3384.000000	645.393608	1598922
614	-3380.000000	647.161432	1593881
616	-3376.000000	648.932440	1598407
618	-3372.000000	650.700865	1591355
620	-3368.000000	652.477524	1597624
622	-3364.000000	654.237616	1597357
624	-3360.000000	656.012596	1598416
626	-3356.000000	657.786577	1602105
628	-3352.000000	659.550808	1595156
630	-3348.000000	661.323702	1593683
632	-3344.000000	663.094380	1600016
634	-3340.000000	664.856537	1600082
636	-3336.000000	666.621367	1598543
638	-3332.000000	668.389235	1594715
640	-3328.000000	670.157639	1599776
642	-3324.000000	671.924030	1603104
644	-3320.000000	673.697451	1605315
646	-3316.000000	675.465304	1617735
648	-3312.000000	677.228487	1618303
650	-3308.000000	678.986931	1621282
652	-3304.000000	680.752051	1627089
654	-3300.000000	682.507898	1626821
656	-3296.000000	684.267004	1631127
658	-3292.000000	686.029061	1626616
660	-3288.000000	687.787419	1632924
662	-3284.000000	689.543337	1629887
664	-3280.000000	691.296616	1632570
666	-3276.000000	693.060116	1638564
668	-3272.000000	694.815119	1640445
670	-3268.000000	696.573706	1644227
672	-3264.000000	698.332022	1654345
674	-3260.000000	700.080204	1648158
676	-3256.000000	701.839243	1653083
678	-3252.000000	703.596249	1656614
680	-3248.000000	705.350567	1659310
682	-3244.000000	707.109003	1668531
684	-3240.000000	708.864115	1675691
686	-3236.000000	710.621872	1687932
688	-3232.000000	712.375025	1685449
690	-3228.000000	714.119887	1682437
692	-3224.000000	715.873070	1684704
694	-3220.000000	717.627154	1694279
696	-3216.000000	719.374211	1695604
698	-3212.000000	721.126871	1701349
700	-3208.000000	722.864332	1698323
702	-3204.000000	724.605457	1701610
704	-3200.000000	726.354719	1707075
706	-3196.000000	728.105948	1711641
708	-3192.000000	729.845757	1713286
710	-3188.000000	731.588156	1711319
712	-3184.000000	733.339895	1718861
714	-3180.000000	735.079565	1723289
716	-3176.000000	736.823206	1724097
718	-3172.000000	738.570240	1725226
720	-3168.000000	740.313551	1728649
722	-3164.000000	742.057493	1720539
724	-3160.000000	743.802498	1724828
726	-3156.000000	745.551418	1730780
728	-3152.000000	747.296696	1736230
730	-3148.000000	749.035290	1740516
732	-3144.000000	750.781832	1744539
734	-3140.000000	752.519364	1737524
736	-3136.000000	754.265164	1746032
738	-3132.000000	756.001024	1741187
740	-3128.000000	757.746662	1750486
742	-3124.000000	759.479019	1753400
744	-3120.000000	761.215689	1749929
746	-3116.000000	762.953896	1750224
748	-3112.000000	764.689747	1755210
750	-3108.000000	766.428309	1757095
752	-3104.000000	768.163664	1758399
754	-3100.000000	769.902905	1760408
756	-3096.000000	771.635550	1765543
758	-3092.000000	773.355168	1762936
760	-3088.000000	775.091568	1762718
762	-3084.000000	776.829111	1769493
764	-3080.000000	778.563206	1769318
766	-3076.000000	780.287485	1768377
768	-3072.000000	782.020460	1773291
770	-3068.000000	783.747469	1772087
772	-3064.000000	785.480133	1769692
774	-3060.000000	787.212654	1777702
776	-3056.000000	788.946741	1773047
778	-3052.000000	790.684872	1778816
780	-3048.000000	792.409554	1776992
782	-3044.000000	794.142853	1784710
784	-3040.000000	795.871491	1791868
786	-3036.000000	797.598179	1793242
788	-3032.000000	799.315005	1792175
790	-3028.000000	801.032665	1791598
792	-3024.000000	802.756127	1792092
794	-3020.000000	804.475758	1785076
796	-3016.000000	806.199982	1781584
798	-3012.000000	807.911194	1783242
800	-3008.000000	809.627337	1780377
802	-3004.000000	811.341171	1777802
804	-3000.000000	813.062960	1778379
806	-2996.000000	814.777111	1773860
808	-2992.000000	816.497971	1774482
810	-2988.000000	818.216942	1769678
812	-2984.000000	819.937449	1768239
814	-2980.000000	821.641220	1766100
816	-2976.000000	823.351114	1759937
818	-2972.000000	825.060091	1751145
820	-2968.000000	826.771942	1755168
822	-2964.000000	828.477583	1741579
824	-2960.000000	830.183933	1742356
826	-2956.000000	831.906616	1746452
828	-2952.000000	833.610537	1739425
830	-2948.000000	835.314299	1739205
832	-2944.000000	837.017847	1737603
834	-2940.000000	838.732151	1739560
836	-2936.000000	840.436764	1735314
838	-2932.000000	842.139427	1733472
840	-2928.000000	843.850556	1736946
842	-2924.000000	845.557749	1733479
844	-2920.000000	847.255482	1732634
846	-2916.000000	848.958616	1725401
848	-2912.000000	850.659680	1728350
850	-2908.000000	852.362578	1724095
852	-2904.000000	854.065928	1725359
854	-2900.000000	855.762093	1724540
856	-2896.000000	857.462187	1718011
858	-2892.000000	859.161846	1716988
860	-2888.000000	860.848662	1714245
862	-2884.000000	862.547058	1715990
864	-2880.000000	864.248343	1712641
866	-2876.000000	865.942881	1711625
868	-2872.000000	867.637488	1709929
870	-2868.000000	869.334570	1711745
872	-2864.000000	871.017622	1706441
874	-2860.000000	872.707964	1703621
876	-2856.000000	874.395140	1699057
878	-2852.000000	876.088843	1705595
880	-2848.000000	877.778242	1706879
882	-2844.000000	879.460097	1708619
884	-2840.000000	881.141600	1713991
886	-2836.000000	882.827561	1707334
888	-2832.000000	884.510307	1711834
890	-2828.000000	886.187895	1708309
892	-2824.000000	887.874405	1708788
894	-2820.000000	889.553143	1704060
896	-2816.000000	891.227675	1703701
898	-2812.000000	892.898516	1699569
900	-2808.000000	894.570786	1704054
902	-2804.000000	896.244122	1703398
904	-2800.000000	897.915219	1701938
906	-2796.000000	899.594208	1703920
908	-2792.000000	901.265415	1705278
910	-2788.000000	902.930962	1701254
912	-2784.000000	904.599632	1699520
914	-2780.000000	906.264830	1694263
916	-2776.000000	907.925564	1687988
918	-2772.000000	909.577988	1680096
920	-2768.000000	911.242266	1675807
922	-2764.000000	912.913027	1681121
924	-2760.000000	914.574259	1680753
926	-2756.000000	916.235647	1676365
928	-2752.000000	917.891455	1669731
930	-2748.000000	919.548775	1667944
932	-2744.000000	921.213345	1669220
934	-2740.000000	922.873287	1670840
936	-2736.000000	924.528450	1672838
938	-2732.000000	926.177979	1666342
940	-2728.000000	927.827559	1664465
942	-2724.000000	929.492880	1669655
944	-2720.000000	931.147726	1675351
946	-2716.000000	932.800768	1673049
948	-2712.000000	934.452517	1671519
950	-2708.000000	936.102074	1670688
952	-2704.000000	937.751656	1668034
954	-2700.000000	939.406084	1664945
956	-2696.000000	941.052681	1664240
958	-2692.000000	942.698425	1661156
960	-2688.000000	944.345997	1659916
962	-2684.000000	945.987419	1656598
964	-2680.000000	947.630690	1659753
966	-2676.000000	949.279911	1666372
968	-2672.000000	950.918322	1670655
970	-2668.000000	952.559385	1669357
972	-2664.000000	954.194023	1669628
974	-2660.000000	955.833866	1672496
976	-2656.000000	957.473299	1674369
978	-2652.000000	959.105555	1675305
980	-2648.000000	960.738854	1672834
982	-2644.000000	962.359680	1671032
984	-2640.000000	963.996927	1676235
986	-2636.000000	965.628042	1682005
988	-2632.000000	967.259237	1683287
990	-2628.000000	968.890448	1685821
992	-2624.000000	970.515139	1686643
994	-2620.000000	972.138992	1688088
996	-2616.000000	973.765763	1691922
998	-2612.000000	975.388172	1687854
1000	-2608.000000	977.011067	1692026
1002	-2604.000000	978.629965	1693457
1004	-2600.000000	980.248200	1687984
1006	-2596.000000	981.871401	1696613
1008	-2592.000000	983.490738	1696730
1010	-2588.000000	985.110649	1696344
1012	-2584.000000	986.728865	1704599
1014	-2580.000000	988.341181	1706793
1016	-2576.000000	989.952397	1705158
1018	-2572.000000	991.568726	1713950
1020	-2568.000000	993.177544	1716080
1022	-2564.000000	994.776385	1709209
1024	-2560.000000	996.384655	1715846
1026	-2556.000000	997.990421	1715960
1028	-2552.000000	999.589964	1722679
1030	-2548.000000	1001.197075	1720994
1032	-2544.000000	1002.788994	1714076
1034	-2540.000000	1004.386965	1713277
1036	-2536.000000	1005.989865	1715530
1038	-2532.000000	1007.584589	1713763
1040	-2528.000000	1009.179726	1716844
1042	-2524.000000	1010.778752	1720688
1044	-2520.000000	1012.372704	1725816
1046	-2516.000000	1013.959969	1722776
1048	-2512.000000	1015.551214	1719755
1050	-2508.000000	1017.136347	1718415
1052	-2504.000000	1018.720505	1714704
1054	-2500.000000	1020.309010	1716430
1056	-2496.000000	1021.894573	1713136
1058	-2492.000000	1023.477257	1716032
1060	-2488.000000	1025.063065	1719066
1062	-2484.000000	1026.638535	1716300
1064	-2480.000000	1028.221071	1713789
1066	-2476.000000	1029.797428	1715148
1068	-2472.000000	1031.374989	1712212
1070	-2468.000000	1032.952362	1713620
1072	-2464.000000	1034.520191	1707292
1074	-2460.000000	1036.089007	1704515
1076	-2456.000000	1037.668564	1708350
1078	-2452.000000	1039.241148	1709093
1080	-2448.000000	1040.810324	1713543
1082	-2444.000000	1042.377741	1712095
1084	-2440.000000	1043.938517	1713169
1086	-2436.000000	1045.497490	1712122
1088	-2432.000000	1047.061018	1714925
1090	-2428.000000	1048.628615	1709959
1092	-2424.000000	1050.180874	1705148
1094	-2420.000000	1051.740862	1706159
1096	-2416.000000	1053.295275	1707879
1098	-2412.000000	1054.850641	1707883
1100	-2408.000000	1056.411062	1710147
1102	-2404.000000	1057.959994	1709881
1104	-2400.000000	1059.512432	1715078
1106	-2396.000000	1061.060312	1714611
1108	-2392.000000	1062.613096	1719569
1110	-2388.000000	1064.163599	1720989
1112	-2384.000000	1065.709345	1721489
1114	-2380.000000	1067.255860	1727420
1116	-2376.000000	1068.798989	1723398
1118	-2372.000000	1070.345589	1722118
1120	-2368.000000	1071.892187	1722173
1122	-2364.000000	1073.429918	1717301
1124	-2360.000000	1074.971676	1723720
1126	-2356.000000	1076.506041	1725655
1128	-2352.000000	1078.036976	1723730
1130	-2348.000000	1079.567110	1723523
1132	-2344.000000	1081.097519	1722956
1134	-2340.000000	1082.627882	1719517
1136	-2336.000000	1084.154080	1722306
1138	-2332.000000	1085.683594	1723066
1140	-2328.000000	1087.206642	1724152
1142	-2324.000000	1088.731121	1719640
1144	-2320.000000	1090.255259	1723977
1146	-2316.000000	1091.769028	1724828
1148	-2312.000000	1093.295883	1726800
1150	-2308.000000	1094.811714	1735294
1152	-2304.000000	1096.326716	1731617
1154	-2300.000000	1097.838013	1728830
1156	-2296.000000	1099.354645	1724744
1158	-2292.000000	1100.860266	1722789
1160	-2288.000000	1102.367766	1718703
1162	-2284.000000	1103.876827	1718618
1164	-2280.000000	1105.387671	1719635
1166	-2276.000000	1106.886666	1721196
1168	-2272.000000	1108.395453	1723651
1170	-2268.000000	1109.900494	1723820
1172	-2264.000000	1111.405892	1723010
1174	-2260.000000	1112.901940	1720034
1176	-2256.000000	1114.404299	1717555
1178	-2252.000000	1115.902140	1720991
1180	-2248.000000	1117.390738	1713505
1182	-2244.000000	1118.885313	1712537
1184	-2240.000000	1120.376953	1713958
1186	-2236.000000	1121.872256	1713177
1188	-2232.000000	1123.358828	1710145
1190	-2228.000000	1124.847540	1717557
1192	-2224.000000	1126.334919	1719282
1194	-2220.000000	1127.819014	1721515
1196	-2216.000000	1129.301394	1720091
1198	-2212.000000	1130.777130	1717104
1200	-2208.000000	1132.262888	1718771
1202	-2204.000000	1133.736300	1714789
1204	-2200.000000	1135.207277	1714163
1206	-2196.000000	1136.682543	1711837
1208	-2192.000000	1138.144568	1706183
1210	-2188.000000	1139.613297	1704888
1212	-2184.000000	1141.084997	1709031
1214	-2180.000000	1142.550444	1710345
1216	-2176.000000	1144.020401	1709246
1218	-2172.000000	1145.487883	1709271
1220	-2168.000000	1146.944418	1705507
1222	-2164.000000	1148.404345	1703531
1224	-2160.000000	1149.856207	1699991
1226	-2156.000000	1151.316494	1696088
1228	-2152.000000	1152.769760	1694004
1230	-2148.000000	1154.224943	1694757
1232	-2144.000000	1155.679211	1695000
1234	-2140.000000	1157.130873	1689863
1236	-2136.000000	1158.580490	1693378
1238	-2132.000000	1160.030682	1695128
1240	-2128.000000	1161.474610	1692090
1242	-2124.000000	1162.916441	1692659
1244	-2120.000000	1164.358542	1687153
1246	-2116.000000	1165.802820	1688543
1248	-2112.000000	1167.239985	1692675
1250	-2108.000000	1168.679980	1699377
1252	-2104.000000	1170.117464	1698683
1254	-2100.000000	1171.548762	1702021
1256	-2096.000000	1172.981089	1701087
1258	-2092.000000	1174.406363	1695351
1260	-2088.000000	1175.837244	1695157
1262	-2084.000000	1177.265795	1694021
1264	-2080.000000	1178.687851	1686742
1266	-2076.000000	1180.112301	1684742
1268	-2072.000000	1181.536829	1686017
1270	-2068.000000	1182.951761	1681069
1272	-2064.000000	1184.367842	1679769
1274	-2060.000000	1185.777619	1678366
1276	-2056.000000	1187.186718	1680144
1278	-2052.000000	1188.598488	1679244
1280	-2048.000000	1190.011824	1681727
1282	-2044.000000	1191.425879	1684881
1284	-2040.000000	1192.836056	1689042
1286	-2036.000000	1194.246086	1688774
1288	-2032.000000	1195.654085	1689869
1290	-2028.000000	1197.050583	1685876
1292	-2024.000000	1198.452776	1690589
1294	-2020.000000	1199.846449	1688283
1296	-2016.000000	1201.248402	1689264
1298	-2012.000000	1202.640423	1683798
1300	-2008.000000	1204.038590	1688806
1302	-2004.000000	1205.427128	1686916
1304	-2000.000000	1206.819582	1684651
1306	-1996.000000	1208.213898	1685892
1308	-1992.000000	1209.604237	1687650
1310	-1988.000000	1210.988230	1687165
1312	-1984.000000	1212.364323	1682808
1314	-1980.000000	1213.740132	1685024
1316	-1976.000000	1215.122196	1686566
1318	-1972.000000	1216.503349	1690522
1320	-1968.000000	1217.873615	1689222
1322	-1964.000000	1219.242331	1684751
1324	-1960.000000	1220.611880	1686025
1326	-1956.000000	1221.982100	1684813
1328	-1952.000000	1223.345194	1686641
1330	-1948.000000	1224.714758	1682479
1332	-1944.000000	1226.075926	1681579
1334	-1940.000000	1227.439091	1677572
1336	-1936.000000	1228.793463	1674923
1338	-1932.000000	1230.152827	1676531
1340	-1928.000000	1231.513930	1684219
1342	-1924.000000	1232.865305	1683703
1344	-1920.000000	1234.221741	1687066
1346	-1916.000000	1235.568306	1683050
1348	-1912.000000	1236.916311	1686103
1350	-1908.000000	1238.260985	1682875
1352	-1904.000000	1239.603684	1682488
1354	-1900.000000	1240.948227	1687516
1356	-1896.000000	1242.284966	1679116
1358	-1892.000000	1243.620955	1678391
1360	-1888.000000	1244.959849	1678279
1362	-1884.000000	1246.293108	1677443
1364	-1880.000000	1247.620711	1675917
1366	-1876.000000	1248.955004	1674131
1368	-1872.000000	1250.282305	1673727
1370	-1868.000000	1251.618529	1677811
1372	-1864.000000	1252.941199	1673249
1374	-1860.000000	1254.266623	1672315
1376	-1856.000000	1255.587290	1672659
1378	-1852.000000	1256.904646	1669529
1380	-1848.000000	1258.224566	1669961
1382	-1844.000000	1259.538750	1672228
1384	-1840.000000	1260.858113	1672898
1386	-1836.000000	1262.169125	1671854
1388	-1832.000000	1263.476853	1673542
1390	-1828.000000	1264.786833	1671123
1392	-1824.000000	1266.091683	1673064
1394	-1820.000000	1267.401900	1675933
1396	-1816.000000	1268.701214	1677032
1398	-1812.000000	1269.997742	1678026
1400	-1808.000000	1271.293314	1681965
1402	-1804.000000	1272.594891	1686268
1404	-1800.000000	1273.892782	1694351
1406	-1796.000000	1275.186579	1695155
1408	-1792.000000	1276.475981	1700241
1410	-1788.000000	1277.765478	1701635
1412	-1784.000000	1279.056957	1703082
1414	-1780.000000	1280.333252	1695266
1416	-1776.000000	1281.609633	1693101
1418	-1772.000000	1282.893507	1695233
1420	-1768.000000	1284.172445	1692863
1422	-1764.000000	1285.446921	1694163
1424	-1760.000000	1286.722210	1697364
1426	-1756.000000	1287.997662	1698634
1428	-1752.000000	1289.267760	1695819
1430	-1748.000000	1290.539156	1701019
1432	-1744.000000	1291.801207	1699023
1434	-1740.000000	1293.065998	1700760
1436	-1736.000000	1294.321715	1698735
1438	-1732.000000	1295.582216	1695279
1440	-1728.000000	1296.830870	1691165
1442	-1724.000000	1298.092726	1695689
1444	-1720.000000	1299.343271	1695939
1446	-1716.000000	1300.598795	1698035
1448	-1712.000000	1301.843155	1695662
1450	-1708.000000	1303.089804	1694263
1452	-1704.000000	1304.332407	1692211
1454	-1700.000000	1305.578528	1695215
1456	-1696.000000	1306.823282	1698939
1458	-1692.000000	1308.061300	1700621
1460	-1688.000000	1309.291680	1696582
1462	-1684.000000	1310.534596	1702120
1464	-1680.000000	1311.760155	1702424
1466	-1676.000000	1312.994349	1702901
1468	-1672.000000	1314.217278	1701282
1470	-1668.000000	1315.443236	1700927
1472	-1664.000000	1316.663370	1697671
1474	-1660.000000	1317.890722	1702389
1476	-1656.000000	1319.107804	1698894
1478	-1652.000000	1320.329272	1705553
1480	-1648.000000	1321.540285	1705289
1482	-1644.000000	1322.749424	1699238
1484	-1640.000000	1323.954630	1698879
1486	-1636.000000	1325.163933	1700958
1488	-1632.000000	1326.376723	1705091
1490	-1628.000000	1327.580532	1702524
1492	-1624.000000	1328.786991	1704832
1494	-1620.000000	1329.991642	1709836
1496	-1616.000000	1331.189553	1709570
1498	-1612.000000	1332.388571	1708425
1500	-1608.000000	1333.583092	1709646
1502	-1604.000000	1334.772371	1707975
1504	-1600.000000	1335.958824	1706446
1506	-1596.000000	1337.147919	1706988
1508	-1592.000000	1338.334522	1707592
1510	-1588.000000	1339.517029	1710388
1512	-1584.000000	1340.695980	1712096
1514	-1580.000000	1341.873062	1712082
1516	-1576.000000	1343.046768	1711324
1518	-1572.000000	1344.219645	1708765
1520	-1568.000000	1345.384989	1707119
1522	-1564.000000	1346.564793	1713028
1524	-1560.000000	1347.734110	1716817
1526	-1556.000000	1348.896408	1716566
1528	-1552.000000	1350.060160	1719535
1530	-1548.000000	1351.222449	1724283
1532	-1544.000000	1352.382731	1725347
1534	-1540.000000	1353.543329	1730777
1536	-1536.000000	1354.689991	1725264
1538	-1532.000000	1355.841009	1726535
1540	-1528.000000	1356.992172	1733478
1542	-1524.000000	1358.143231	1735004
1544	-1520.000000	1359.289555	1737920
1546	-1516.000000	1360.433756	1733307
1548	-1512.000000	1361.572071	1732870
1550	-1508.000000	1362.706005	1733250
1552	-1504.000000	1363.840651	1734569
1554	-1500.000000	1364.968054	1728397
1556	-1496.000000	1366.096810	1723686
1558	-1492.000000	1367.225455	1726919
1560	-1488.000000	1368.346897	1721614
1562	-1484.000000	1369.465716	1719297
1564	-1480.000000	1370.585779	1714381
1566	-1476.000000	1371.705084	1716659
1568	-1472.000000	1372.823059	1719528
1570	-1468.000000	1373.939745	1717023
1572	-1464.000000	1375.055716	1718201
1574	-1460.000000	1376.163792	1717000
1576	-1456.000000	1377.268944	1714210
1578	-1452.000000	1378.373919	1715347
1580	-1448.000000	1379.476164	1711605
1582	-1444.000000	1380.569918	1710585
1584	-1440.000000	1381.671789	1711513
1586	-1436.000000	1382.767182	1710874
1588	-1432.000000	1383.857273	1709894
1590	-1428.000000	1384.944008	1707012
1592	-1424.000000	1386.035002	1709789
1594	-1420.000000	1387.124836	1713592
1596	-1416.000000	1388.202118	1709478
1598	-1412.000000	1389.283367	1707376
1600	-1408.000000	1390.362652	1705796
1602	-1404.000000	1391.436079	1703987
1604	-1400.000000	1392.508717	1706262
1606	-1396.000000	1393.579634	1709685
1608	-1392.000000	1394.643480	1704921
1610	-1388.000000	1395.711548	1705654
1612	-1384.000000	1396.777146	1707930
1614	-1380.000000	1397.844645	1711169
1616	-1376.000000	1398.902462	1709862
1618	-1372.000000	1399.965084	1713058
1620	-1368.000000	1401.019798	1715046
1622	-1364.000000	1402.071968	1716274
1624	-1360.000000	1403.117190	1711381
1626	-1356.000000	1404.168757	1713201
1628	-1352.000000	1405.215815	1718161
1630	-1348.000000	1406.253111	1713663
1632	-1344.000000	1407.289385	1710513
1634	-1340.000000	1408.325754	1712239
1636	-1336.000000	1409.356684	1708303
1638	-1332.000000	1410.386547	1709042
1640	-1328.000000	1411.415697	1708389
1642	-1324.000000	1412.443070	1707420
1644	-1320.000000	1413.470267	1713425
1646	-1316.000000	1414.491467	1710684
1648	-1312.000000	1415.511690	1716103
1650	-1308.000000	1416.533564	1719881
1652	-1304.000000	1417.548443	1719124
1654	-1300.000000	1418.563067	1719665
1656	-1296.000000	1419.570059	1719667
1658	-1292.000000	1420.580597	1720962
1660	-1288.000000	1421.582468	1714515
1662	-1284.000000	1422.584059	1713059
1664	-1280.000000	1423.586083	1714008
1666	-1276.000000	1424.580918	1713096
1668	-1272.000000	1425.579087	1715022
1670	-1268.000000	1426.564541	1711926
1672	-1264.000000	1427.557263	1713010
1674	-1260.000000	1428.540909	1708122
1676	-1256.000000	1429.527880	1708879
1678	-1252.000000	1430.509785	1706866
1680	-1248.000000	1431.487013	1706895
1682	-1244.000000	1432.465256	1704042
1684	-1240.000000	1433.438444	1706997
1686	-1236.000000	1434.406225	1707593
1688	-1232.000000	1435.379801	1712895
1690	-1228.000000	1436.346977	1711442
1692	-1224.000000	1437.309727	1712366
1694	-1220.000000	1438.269322	1710276
1696	-1216.000000	1439.225933	1714848
1698	-1212.000000	1440.180254	1715547
1700	-1208.000000	1441.129435	1717343
1702	-1204.000000	1442.076884	1714319
1704	-1200.000000	1443.027231	1718145
1706	-1196.000000	1443.965271	1714058
1708	-1192.000000	1444.905699	1711467
1710	-1188.000000	1445.844341	1711634
1712	-1184.000000	1446.780401	1710669
1714	-1180.000000	1447.715597	1712325
1716	-1176.000000	1448.649435	1714313
1718	-1172.000000	1449.577715	1711251
1720	-1168.000000	1450.503994	1710650
1722	-1164.000000	1451.427334	1713250
1724	-1160.000000	1452.351324	1713469
1726	-1156.000000	1453.268509	1712836
1728	-1152.000000	1454.181811	1710175
1730	-1148.000000	1455.098566	1713523
1732	-1144.000000	1456.010538	1713001
1734	-1140.000000	1456.919602	1712050
1736	-1136.000000	1457.828995	1711132
1738	-1132.000000	1458.731768	1710973
1740	-1128.000000	1459.631170	1708941
1742	-1124.000000	1460.529642	1709505
1744	-1120.000000	1461.418244	1707416
1746	-1116.000000	1462.309817	1708347
1748	-1112.000000	1463.197819	1709764
1750	-1108.000000	1464.085758	1710724
1752	-1104.000000	1464.969158	1710000
1754	-1100.000000	1465.845869	1708787
1756	-1096.000000	1466.725180	1708795
1758	-1092.000000	1467.602478	1712614
1760	-1088.000000	1468.476683	1713111
1762	-1084.000000	1469.349713	1714816
1764	-1080.000000	1470.222037	1716185
1766	-1076.000000	1471.088812	1717585
1768	-1072.000000	1471.955666	1715658
1770	-1068.000000	1472.817856	1716802
1772	-1064.000000	1473.678938	1719023
1774	-1060.000000	1474.532370	1717431
1776	-1056.000000	1475.381565	1713102
1778	-1052.000000	1476.230772	1714311
1780	-1048.000000	1477.080265	1715548
1782	-1044.000000	1477.923304	1719273
1784	-1040.000000	1478.761091	1723043
1786	-1036.000000	1479.602663	1727777
1788	-1032.000000	1480.434056	1725566
1790	-1028.000000	1481.266384	1728674
1792	-1024.000000	1482.094153	1725967
1794	-1020.000000	1482.922491	1728131
1796	-1016.000000	1483.746510	1729836
1798	-1012.000000	1484.563685	1729723
1800	-1008.000000	1485.383946	1731700
1802	-1004.000000	1486.202645	1737474
1804	-1000.000000	1487.018065	1738393
1806	-996.000000	1487.826775	1739104
1808	-992.000000	1488.634569	1738025
1810	-988.000000	1489.436758	1739415
1812	-984.000000	1490.237311	1744155
1814	-980.000000	1491.030327	1739470
1816	-976.000000	1491.823269	1739928
1818	-972.000000	1492.617699	1741820
1820	-968.000000	1493.401159	1738697
1822	-964.000000	1494.183430	1738460
1824	-960.000000	1494.967484	1740330
1826	-956.000000	1495.745499	1737054
1828	-952.000000	1496.519745	1730654
1830	-948.000000	1497.289774	1727383
1832	-944.000000	1498.062216	1728477
1834	-940.000000	1498.833393	1733774
1836	-936.000000	1499.599163	1729436
1838	-932.000000	1500.362305	1731754
1840	-928.000000	1501.119131	1732319
1842	-924.000000	1501.873041	1727411
1844	-920.000000	1502.624733	1726436
1846	-916.000000	1503.374792	1728803
1848	-912.000000	1504.122969	1729629
1850	-908.000000	1504.866223	1731270
1852	-904.000000	1505.609204	1735808
1854	-900.000000	1506.348192	1737769
1856	-896.000000	1507.089932	1740296
1858	-892.000000	1507.829148	1745350
1860	-888.000000	1508.560312	1744915
1862	-884.000000	1509.288363	1744227
1864	-880.000000	1510.010912	1739525
1866	-876.000000	1510.732189	1739952
1868	-872.000000	1511.449228	1738841
1870	-868.000000	1512.166582	1744089
1872	-864.000000	1512.878884	1746520
1874	-860.000000	1513.592451	1748089
1876	-856.000000	1514.297007	1747379
1878	-852.000000	1514.998942	1744533
1880	-848.000000	1515.702973	1746560
1882	-844.000000	1516.400799	1744826
1884	-840.000000	1517.093004	1744147
1886	-836.000000	1517.784804	1742897
1888	-832.000000	1518.473555	1745383
1890	-828.000000	1519.159065	1743870
1892	-824.000000	1519.842667	1743914
1894	-820.000000	1520.523344	1746771
1896	-816.000000	1521.196413	1745573
1898	-812.000000	1521.867592	1741002
1900	-808.000000	1522.536696	1739471
1902	-804.000000	1523.203652	1737800
1904	-800.000000	1523.868561	1737166
1906	-796.000000	1524.525673	1732354
1908	-792.000000	1525.176996	1727901
1910	-788.000000	1525.840380	1731591
1912	-784.000000	1526.491602	1732565
1914	-780.000000	1527.137781	1726773
1916	-776.000000	1527.786089	1728323
1918	-772.000000	1528.432350	1727734
1920	-768.000000	1529.070278	1728414
1922	-764.000000	1529.707733	1729738
1924	-760.000000	1530.341095	1726412
1926	-756.000000	1530.971796	1727273
1928	-752.000000	1531.602247	1726607
1930	-748.000000	1532.226935	1724357
1932	-744.000000	1532.849617	1723944
1934	-740.000000	1533.467026	1724224
1936	-736.000000	1534.084439	1725310
1938	-732.000000	1534.697718	1724869
1940	-728.000000	1535.306013	1723185
1942	-724.000000	1535.913288	1723460
1944	-720.000000	1536.518421	1724262
1946	-716.000000	1537.124596	1729922
1948	-712.000000	1537.716841	1730157
1950	-708.000000	1538.315012	1733291
1952	-704.000000	1538.903551	1732663
1954	-700.000000	1539.493723	1733523
1956	-696.000000	1540.072813	1728671
1958	-692.000000	1540.654291	1729445
1960	-688.000000	1541.231301	1724948
1962	-684.000000	1541.810162	1728310
1964	-680.000000	1542.380160	1727433
1966	-676.000000	1542.951031	1728264
1968	-672.000000	1543.516823	1729874
1970	-668.000000	1544.078808	1729960
1972	-664.000000	1544.640799	1730669
1974	-660.000000	1545.200220	1731569
1976	-656.000000	1545.750643	1729275
1978	-652.000000	1546.301985	1727171
1980	-648.000000	1546.847735	1727327
1982	-644.000000	1547.393112	1730086
1984	-640.000000	1547.936230	1731768
1986	-636.000000	1548.474663	1732634
1988	-632.000000	1549.010493	1734581
1990	-628.000000	1549.539580	1733841
1992	-624.000000	1550.066790	1733563
1994	-620.000000	1550.593107	1731763
1996	-616.000000	1551.112509	1727891
1998	-612.000000	1551.631893	1731960
2000	-608.000000	1552.148300	1731150
2002	-604.000000	1552.658547	1730310
2004	-600.000000	1553.163420	1732061
2006	-596.000000	1553.670262	1729970
2008	-592.000000	1554.175215	1729005
2010	-588.000000	1554.676838	1728284
2012	-584.000000	1555.170670	1727108
2014	-580.000000	1555.666199	1728966
2016	-576.000000	1556.157856	1729542
2018	-572.000000	1556.641947	1726815
2020	-568.000000	1557.122248	1724813
2022	-564.000000	1557.602419	1722221
2024	-560.000000	1558.077913	1724281
2026	-556.000000	1558.553559	1725546
2028	-552.000000	1559.022795	1723491
2030	-548.000000	1559.489170	1723440
2032	-544.000000	1559.954903	1724884
2034	-540.000000	1560.411251	1722066
2036	-536.000000	1560.871662	1723350
2038	-532.000000	1561.324162	1720742
2040	-528.000000	1561.775809	1724199
2042	-524.000000	1562.221447	1725416
2044	-520.000000	1562.667576	1724466
2046	-516.000000	1563.108856	1725450
2048	-512.000000	1563.549465	1725854
2050	-508.000000	1563.984438	1724789
2052	-504.000000	1564.418604	1726051
2054	-500.000000	1564.846922	1727245
2056	-496.000000	1565.271485	1728342
2058	-492.000000	1565.694071	1730127
2060	-488.000000	1566.110239	1729309
2062	-484.000000	1566.522602	1725910
2064	-480.000000	1566.932429	1726349
2066	-476.000000	1567.340672	1727526
2068	-472.000000	1567.744221	1725872
2070	-468.000000	1568.142882	1726277
2072	-464.000000	1568.541176	1726406
2074	-460.000000	1568.936451	1723390
2076	-456.000000	1569.331930	1723267
2078	-452.000000	1569.720612	1723838
2080	-448.000000	1570.100863	1721177
2082	-444.000000	1570.481079	1720042
2084	-440.000000	1570.862269	1720731
2086	-436.000000	1571.238335	1719096
2088	-432.000000	1571.605641	1716586
2090	-428.000000	1571.971962	1712972
2092	-424.000000	1572.332693	1712439
2094	-420.000000	1572.691035	1709245
2096	-416.000000	1573.049904	1707410
2098	-412.000000	1573.406023	1710065
2100	-408.000000	1573.761795	1709730
2102	-404.000000	1574.106806	1711157
2104	-400.000000	1574.455094	1711240
2106	-396.000000	1574.800369	1715288
2108	-392.000000	1575.134945	1710840
2110	-388.000000	1575.467854	1711908
2112	-384.000000	1575.800753	1713733
2114	-380.000000	1576.127922	1713120
2116	-376.000000	1576.450234	1714188
2118	-372.000000	1576.770952	1713989
2120	-368.000000	1577.091368	1714583
2122	-364.000000	1577.407976	1712521
2124	-360.000000	1577.716532	1709739
2126	-356.000000	1578.028853	1712409
2128	-352.000000	1578.335430	1717452
2130	-348.000000	1578.638087	1714665
2132	-344.000000	1578.938248	1713540
2134	-340.000000	1579.234007	1711579
2136	-336.000000	1579.524315	1708704
2138	-332.000000	1579.815827	1713216
2140	-328.000000	1580.099695	1714819
2142	-324.000000	1580.381031	1717524
2144	-320.000000	1580.663893	1721125
2146	-316.000000	1580.939306	1720449
2148	-312.000000	1581.210959	1717957
2150	-308.000000	1581.479643	1719541
2152	-304.000000	1581.743450	1717876
2154	-300.000000	1581.998738	1714818
2156	-296.000000	1582.255530	1712805
2158	-292.000000	1582.504830	1707674
2160	-288.000000	1582.754484	1709515
2162	-284.000000	1583.000351	1707760
2164	-280.000000	1583.245386	1708531
2166	-276.000000	1583.480877	1704936
2168	-272.000000	1583.717499	1704726
2170	-268.000000	1583.949160	1703045
2172	-264.000000	1584.176674	1701268
2174	-260.000000	1584.404297	1701598
2176	-256.000000	1584.627083	1702346
2178	-252.000000	1584.843830	1701024
2180	-248.000000	1585.058716	1698778
2182	-244.000000	1585.273255	1698520
2184	-240.000000	1585.480011	1697760
2186	-236.000000	1585.685885	1698617
2188	-232.000000	1585.888344	1699998
2190	-228.000000	1586.085257	1696807
2192	-224.000000	1586.282883	1698200
2194	-220.000000	1586.473368	1696317
2196	-216.000000	1586.663128	1695758
2198	-212.000000	1586.846819	1693403
2200	-208.000000	1587.028225	1694080
2202	-204.000000	1587.209355	1695010
2204	-200.000000	1587.378342	1691138
2206	-196.000000	1587.549767	1691850
2208	-192.000000	1587.714373	1689801
2210	-188.000000	1587.880362	1689007
2212	-184.000000	1588.040055	1688868
2214	-180.000000	1588.198984	1690847
2216	-176.000000	1588.354080	1690954
2218	-172.000000	1588.502171	1689046
2220	-168.000000	1588.651251	1689589
2222	-164.000000	1588.796107	1689993
2224	-160.000000	1588.937437	1689097
2226	-156.000000	1589.069466	1687772
2228	-152.000000	1589.203734	1688095
2230	-148.000000	1589.333044	1687647
2232	-144.000000	1589.459009	1687031
2234	-140.000000	1589.584322	1686167
2236	-136.000000	1589.708882	1689608
2238	-132.000000	1589.822960	1689756
2240	-128.000000	1589.935120	1688426
2242	-124.000000	1590.045738	1688628
2244	-120.000000	1590.151161	1689800
2246	-116.000000	1590.251597	1692009
2248	-112.000000	1590.353581	1691812
2250	-108.000000	1590.450440	1692454
2252	-104.000000	1590.541558	1693446
2254	-100.000000	1590.628920	1692853
2256	-96.000000	1590.713549	1692699
2258	-92.000000	1590.791046	1691134
2260	-88.000000	1590.868408	1691752
2262	-84.000000	1590.940518	1692474
2264	-80.000000	1591.011206	1694413
2266	-76.000000	1591.076622	1692612
2268	-72.000000	1591.142149	1692559
2270	-68.000000	1591.204645	1693931
2272	-64.000000	1591.257305	1691818
2274	-60.000000	1591.312596	1692344
2276	-56.000000	1591.361979	1691889
2278	-52.000000	1591.408764	1692764
2280	-48.000000	1591.450924	1692720
2282	-44.000000	1591.494290	1693044
2284	-40.000000	1591.527949	1691871
2286	-36.000000	1591.560454	1688837
2288	-32.000000	1591.589777	1688649
2290	-28.000000	1591.617289	1690151
2292	-24.000000	1591.636803	1686370
2294	-20.000000	1591.654381	1683014
2296	-16.000000	1591.669005	1681999
2298	-12.000000	1591.681935	1683500
2300	-8.000000	1591.691611	1683197
2302	-4.000000	1591.694588	1684040
2304	0.000000	1591.697050	1683359
2306	4.000000	1591.694721	1682216
2308	8.000000	1591.688162	1682221
2310	12.000000	1591.679505	1685358
2312	16.000000	1591.670241	1684965
2314	20.000000	1591.655720	1686884
2316	24.000000	1591.637219	1686310
2318	28.000000	1591.615212	1688420
2320	32.000000	1591.588600	1685688
2322	36.000000	1591.558428	1682257
2324	40.000000	1591.528147	1686455
2326	44.000000	1591.492127	1686406
2328	48.000000	1591.450897	1688302
2330	52.000000	1591.409716	1690575
2332	56.000000	1591.363091	1690338
2334	60.000000	1591.311217	1691319
2336	64.000000	1591.260060	1693288
2338	68.000000	1591.200899	1692397
2340	72.000000	1591.140921	1694027
2342	76.000000	1591.077767	1695188
2344	80.000000	1591.013008	1697832
2346	84.000000	1590.940890	1698187
2348	88.000000	1590.868471	1698219
2350	92.000000	1590.789149	1699243
2352	96.000000	1590.705471	1697776
2354	100.000000	1590.623486	1699482
2356	104.000000	1590.534693	1695311
2358	108.000000	1590.443760	1696082
2360	112.000000	1590.348299	1694299
2362	116.000000	1590.249228	1693531
2364	120.000000	1590.149822	1694794
2366	124.000000	1590.049555	1699241
2368	128.000000	1589.938454	1698386
2370	132.000000	1589.827187	1700270
2372	136.000000	1589.712189	1702346
2374	140.000000	1589.590647	1699955
2376	144.000000	1589.466761	1700447
2378	148.000000	1589.341221	1700494
2380	152.000000	1589.210842	1702220
2382	156.000000	1589.078087	1702926
2384	160.000000	1588.940209	1701482
2386	164.000000	1588.797806	1700796
2388	168.000000	1588.655165	1703001
2390	172.000000	1588.503325	1703917
2392	176.000000	1588.354632	1704429
2394	180.000000	1588.203509	1706495
2396	184.000000	1588.048702	1707922
2398	188.000000	1587.890551	1708885
2400	192.000000	1587.730292	1708979
2402	196.000000	1587.565596	1712141
2404	200.000000	1587.395033	1713561
2406	204.000000	1587.219439	1712623
2408	208.000000	1587.041186	1710453
2410	212.000000	1586.857411	1711576
2412	216.000000	1586.676613	1713276
2414	220.000000	1586.483549	1709361
2416	224.000000	1586.290026	1710613
2418	228.000000	1586.094301	1709533
2420	232.000000	1585.897095	1710270
2422	236.000000	1585.696057	1713866
2424	240.000000	1585.489054	1714197
2426	244.000000	1585.277523	1715022
2428	248.000000	1585.065634	1716543
2430	252.000000	1584.846918	1713491
2432	256.000000	1584.627363	1712041
2434	260.000000	1584.401802	1711642
2436	264.000000	1584.176350	1713520
2438	268.000000	1583.948103	1711263
2440	272.000000	1583.711178	1711604
2442	276.000000	1583.475525	1709392
2444	280.000000	1583.235420	1710252
2446	284.000000	1582.990183	1708623
2448	288.000000	1582.745049	1710068
2450	292.000000	1582.493595	1712954
2452	296.000000	1582.240692	1713896
2454	300.000000	1581.978293	1713277
2456	304.000000	1581.717568	1714256
2458	308.000000	1581.450011	1711899
2460	312.000000	1581.179404	1707599
2462	316.000000	1580.909949	1709551
2464	320.000000	1580.633915	1707410
2466	324.000000	1580.356871	1706443
2468	328.000000	1580.075924	1704854
2470	332.000000	1579.791634	1705890
2472	336.000000	1579.503094	1706404
2474	340.000000	1579.211411	1708972
2476	344.000000	1578.918280	1708643
2478	348.000000	1578.619702	1709502
2480	352.000000	1578.315211	1710277
2482	356.000000	1578.009213	1707944
2484	360.000000	1577.697897	1705543
2486	364.000000	1577.389633	1706476
2488	368.000000	1577.069103	1701904
2490	372.000000	1576.746605	1700692
2492	376.000000	1576.421774	1698065
2494	380.000000	1576.095926	1701541
2496	384.000000	1575.764710	1698164
2498	388.000000	1575.433060	1699516
2500	392.000000	1575.099871	1700851
2502	396.000000	1574.760382	1698589
2504	400.000000	1574.419460	1701954
2506	404.000000	1574.077490	1701369
2508	408.000000	1573.729258	1700021
2510	412.000000	1573.378882	1701461
2512	416.000000	1573.027878	1703448
2514	420.000000	1572.669317	1701189
2516	424.000000	1572.307129	1702878
2518	428.000000	1571.942129	1701923
2520	432.000000	1571.574808	1700023
2522	436.000000	1571.198651	1698844
2524	440.000000	1570.820973	1699418
2526	444.000000	1570.443545	1701495
2528	448.000000	1570.063412	1701252
2530	452.000000	1569.676735	1700772
2532	456.000000	1569.286722	1698425
2534	460.000000	1568.894434	1699929
2536	464.000000	1568.499798	1702158
2538	468.000000	1568.099739	1703592
2540	472.000000	1567.698322	1700500
2542	476.000000	1567.290930	1702093
2544	480.000000	1566.886868	1705192
2546	484.000000	1566.475500	1705295
2548	488.000000	1566.059246	1702546
2550	492.000000	1565.641640	1703932
2552	496.000000	1565.218617	1703534
2554	500.000000	1564.794316	1706296
2556	504.000000	1564.363369	1704100
2558	508.000000	1563.930718	1700016
2560	512.000000	1563.496359	1697121
2562	516.000000	1563.059357	1698382
2564	520.000000	1562.617293	1697167
2566	524.000000	1562.173268	1697004
2568	528.000000	1561.725954	1697851
2570	532.000000	1561.275000	1695887
2572	536.000000	1560.824436	1698124
2574	540.000000	1560.367207	1694240
2576	544.000000	1559.906691	1694303
2578	548.000000	1559.442221	1693405
2580	552.000000	1558.975451	1690611
2582	556.000000	1558.505776	1689420
2584	560.000000	1558.031706	1687963
2586	564.000000	1557.557032	1689649
2588	568.000000	1557.076456	1689525
2590	572.000000	1556.593268	1689957
2592	576.000000	1556.108561	1690235
2594	580.000000	1555.621718	1693765
2596	584.000000	1555.131802	1695066
2598	588.000000	1554.637511	1696511
2600	592.000000	1554.138396	1696037
2602	596.000000	1553.638991	1696135
2604	600.000000	1553.131405	1696488
2606	604.000000	1552.622957	1698315
2608	608.000000	1552.108761	1697562
2610	612.000000	1551.594256	1696657
2612	616.000000	1551.073355	1697325
2614	620.000000	1550.553351	1697347
2616	624.000000	1550.027340	1695194
2618	628.000000	1549.500588	1695592
2620	632.000000	1548.969574	1694874
2622	636.000000	1548.433441	1693444
2624	640.000000	1547.898440	1695905
2626	644.000000	1547.356884	1697408
2628	648.000000	1546.815035	1698145
2630	652.000000	1546.270848	1698770
2632	656.000000	1545.721876	1699263
2634	660.000000	1545.165646	1698960
2636	664.000000	1544.607962	1696487
2638	668.000000	1544.047150	1696648
2640	672.000000	1543.486443	1697854
2642	676.000000	1542.914768	1695090
2644	680.000000	1542.344746	1696028
2646	684.000000	1541.775122	1700991
2648	688.000000	1541.197802	1698031
2650	692.000000	1540.616718	1695388
2652	696.000000	1540.036509	1696261
2654	700.000000	1539.451061	1696970
2656	704.000000	1538.861483	1696565
2658	708.000000	1538.267851	1695907
2660	712.000000	1537.670460	1695816
2662	716.000000	1537.070656	1696888
2664	720.000000	1536.470917	1697752
2666	724.000000	1535.861670	1692497
2668	728.000000	1535.250887	1689883
2670	732.000000	1534.645182	1691561
2672	736.000000	1534.031840	1691921
2674	740.000000	1533.412478	1690945
2676	744.000000	1532.787522	1689746
2678	748.000000	1532.165001	1688454
2680	752.000000	1531.541943	1689510
2682	756.000000	1530.909437	1687589
2684	760.000000	1530.274941	1690526
2686	764.000000	1529.641888	1691402
2688	768.000000	1529.006211	1691328
2690	772.000000	1528.368675	1693816
2692	776.000000	1527.723694	1692910
2694	780.000000	1527.074335	1691991
2696	784.000000	1526.420014	1688590
2698	788.000000	1525.769522	1692027
2700	792.000000	1525.114197	1693690
2702	796.000000	1524.456064	1693519
2704	800.000000	1523.793831	1692332
2706	804.000000	1523.130640	1694767
2708	808.000000	1522.460871	1692049
2710	812.000000	1521.791323	1691725
2712	816.000000	1521.122246	1694486
2714	820.000000	1520.442145	1693241
2716	824.000000	1519.764208	1695731
2718	828.000000	1519.080187	1697745
2720	832.000000	1518.395870	1694508
2722	836.000000	1517.705113	1694190
2724	840.000000	1517.017315	1696278
2726	844.000000	1516.318783	1696182
2728	848.000000	1515.615601	1694944
2730	852.000000	1514.917399	1696363
2732	856.000000	1514.208481	1692492
2734	860.000000	1513.504114	1691655
2736	864.000000	1512.793045	1689378
2738	868.000000	1512.084000	1690574
2740	872.000000	1511.369814	1690203
2742	876.000000	1510.649927	1690305
2744	880.000000	1509.928808	1691323
2746	884.000000	1509.203581	1692347
2748	888.000000	1508.473210	1692286
2750	892.000000	1507.744913	1695133
2752	896.000000	1507.008814	1693167
2754	900.000000	1506.271542	1693874
2756	904.000000	1505.529637	1688426
2758	908.000000	1504.784394	1687990
2760	912.000000	1504.046324	1689875
2762	916.000000	1503.296295	1687250
2764	920.000000	1502.543177	1689303
2766	924.000000	1501.791571	1691415
2768	928.000000	1501.036942	1696456
2770	932.000000	1500.275955	1696788
2772	936.000000	1499.511807	1693312
2774	940.000000	1498.743868	1693337
2776	944.000000	1497.971241	1691100
2778	948.000000	1497.201077	1695286
2780	952.000000	1496.421728	1690987
2782	956.000000	1495.650250	1693162
2784	960.000000	1494.870209	1690212
2786	964.000000	1494.087727	1687646
2788	968.000000	1493.305241	1685962
2790	972.000000	1492.514555	1684163
2792	976.000000	1491.718571	1682152
2794	980.000000	1490.921992	1682209
2796	984.000000	1490.120430	1679514
2798	988.000000	1489.321102	1680004
2800	992.000000	1488.515026	1677074
2802	996.000000	1487.710034	1679486
2804	1000.000000	1486.899342	1677058
2806	1004.000000	1486.088169	1679968
2808	1008.000000	1485.274971	1678310
2810	1012.000000	1484.457844	1677338
2812	1016.000000	1483.638510	1678931
2814	1020.000000	1482.809029	1675848
2816	1024.000000	1481.980240	1676102
2818	1028.000000	1481.152506	1677293
2820	1032.000000	1480.318457	1674689
2822	1036.000000	1479.485323	1677711
2824	1040.000000	1478.645111	1676766
2826	1044.000000	1477.805222	1673738
2828	1048.000000	1476.968046	1678167
2830	1052.000000	1476.123430	1676495
2832	1056.000000	1475.272104	1674231
2834	1060.000000	1474.423298	1675650
2836	1064.000000	1473.569658	1675503
2838	1068.000000	1472.712429	1676500
2840	1072.000000	1471.852837	1676214
2842	1076.000000	1470.995074	1678363
2844	1080.000000	1470.129578	1677380
2846	1084.000000	1469.259848	1674519
2848	1088.000000	1468.395497	1677016
2850	1092.000000	1467.520075	1674143
2852	1096.000000	1466.646225	1674902
2854	1100.000000	1465.770523	1675038
2856	1104.000000	1464.888682	1673817
2858	1108.000000	1464.008120	1676637
2860	1112.000000	1463.119171	1680082
2862	1116.000000	1462.228035	1675518
2864	1120.000000	1461.333296	1674115
2866	1124.000000	1460.438349	1670017
2868	1128.000000	1459.539358	1668335
2870	1132.000000	1458.638615	1670940
2872	1136.000000	1457.737351	1672534
2874	1140.000000	1456.829567	1671984
2876	1144.000000	1455.917923	1668450
2878	1148.000000	1455.007717	1664772
2880	1152.000000	1454.091114	1665306
2882	1156.000000	1453.178807	1669964
2884	1160.000000	1452.263447	1672826
2886	1164.000000	1451.343434	1676654
2888	1168.000000	1450.420286	1675357
2890	1172.000000	1449.491389	1669237
2892	1176.000000	1448.563135	1672477
2894	1180.000000	1447.633410	1669347
2896	1184.000000	1446.697275	1667871
2898	1188.000000	1445.768072	1672539
2900	1192.000000	1444.829090	1670410
2902	1196.000000	1443.888537	1671967
2904	1200.000000	1442.943577	1673040
2906	1204.000000	1441.991053	1669035
2908	1208.000000	1441.039858	1669061
2910	1212.000000	1440.086712	1663278
2912	1216.000000	1439.129112	1665292
2914	1220.000000	1438.173861	1662983
2916	1224.000000	1437.216965	1663036
2918	1228.000000	1436.255509	1664906
2920	1232.000000	1435.289475	1664738
2922	1236.000000	1434.318302	1661456
2924	1240.000000	1433.346295	1659140
2926	1244.000000	1432.368637	1656576
2928	1248.000000	1431.390009	1655383
2930	1252.000000	1430.412810	1656701
2932	1256.000000	1429.431700	1659523
2934	1260.000000	1428.450613	1665679
2936	1264.000000	1427.464424	1665630
2938	1268.000000	1426.471230	1665722
2940	1272.000000	1425.478705	1668209
2942	1276.000000	1424.488106	1668056
2944	1280.000000	1423.494311	1668895
2946	1284.000000	1422.492352	1667710
2948	1288.000000	1421.487202	1667788
2950	1292.000000	1420.483498	1668956
2952	1296.000000	1419.475643	1668512
2954	1300.000000	1418.466656	1671132
2956	1304.000000	1417.455414	1669876
2958	1308.000000	1416.444309	1671586
2960	1312.000000	1415.429486	1670548
2962	1316.000000	1414.407469	1668057
2964	1320.000000	1413.384794	1669403
2966	1324.000000	1412.354885	1662290
2968	1328.000000	1411.323986	1660766
2970	1332.000000	1410.294350	1663910
2972	1336.000000	1409.265310	1668643
2974	1340.000000	1408.230179	1671478
2976	1344.000000	1407.195456	1672463
2978	1348.000000	1406.150280	1668548
2980	1352.000000	1405.108040	1666672
2982	1356.000000	1404.059239	1669058
2984	1360.000000	1403.012991	1668643
2986	1364.000000	1401.962700	1670254
2988	1368.000000	1400.916397	1670882
2990	1372.000000	1399.863693	1667254
2992	1376.000000	1398.806597	1663963
2994	1380.000000	1397.748179	1665069
2996	1384.000000	1396.688513	1669291
2998	1388.000000	1395.624432	1662946
3000	1392.000000	1394.548723	1660823
3002	1396.000000	1393.474180	1659867
3004	1400.000000	1392.401877	1657959
3006	1404.000000	1391.333496	1659216
3008	1408.000000	1390.260590	1665588
3010	1412.000000	1389.183384	1662978
3012	1416.000000	1388.106068	1667936
3014	1420.000000	1387.020880	1667479
3016	1424.000000	1385.937084	1669262
3018	1428.000000	1384.849350	1668706
3020	1432.000000	1383.753063	1664546
3022	1436.000000	1382.664433	1671858
3024	1440.000000	1381.569630	1671618
3026	1444.000000	1380.473057	1671686
3028	1448.000000	1379.369097	1668367
3030	1452.000000	1378.268234	1669130
3032	1456.000000	1377.160691	1669750
3034	1460.000000	1376.048924	1670514
3036	1464.000000	1374.944067	1673681
3038	1468.000000	1373.828951	1670325
3040	1472.000000	1372.708082	1664131
3042	1476.000000	1371.591398	1662163
3044	1480.000000	1370.472275	1662790
3046	1484.000000	1369.342230	1663759
3048	1488.000000	1368.213469	1663351
3050	1492.000000	1367.088658	1663916
3052	1496.000000	1365.959053	1661562
3054	1500.000000	1364.831478	1663342
3056	1504.000000	1363.702156	1667838
3058	1508.000000	1362.565561	1667377
3060	1512.000000	1361.426460	1673242
3062	1516.000000	1360.284882	1672362
3064	1520.000000	1359.139803	1673857
3066	1524.000000	1358.000572	1678180
3068	1528.000000	1356.854511	1678256
3070	1532.000000	1355.704014	1676064
3072	1536.000000	1354.556999	1679988
3074	1540.000000	1353.403025	1678501
3076	1544.000000	1352.244047	1680029
3078	1548.000000	1351.085583	1679908
3080	1552.000000	1349.927054	1683493
3082	1556.000000	1348.762366	1688651
3084	1560.000000	1347.603527	1691886
3086	1564.000000	1346.441027	1693943
3088	1568.000000	1345.270403	1693077
3090	1572.000000	1344.098606	1692656
3092	1576.000000	1342.925862	1692122
3094	1580.000000	1341.750420	1691140
3096	1584.000000	1340.573042	1691113
3098	1588.000000	1339.391220	1691330
3100	1592.000000	1338.209465	1689738
3102	1596.000000	1337.025679	1696387
3104	1600.000000	1335.838867	1694170
3106	1604.000000	1334.656262	1697324
3108	1608.000000	1333.462767	1697045
3110	1612.000000	1332.273228	1701852
3112	1616.000000	1331.083950	1703258
3114	1620.000000	1329.883427	1702852
3116	1624.000000	1328.686899	1704695
3118	1628.000000	1327.486939	1711702
3120	1632.000000	1326.275074	1704360
3122	1636.000000	1325.065073	1703867
3124	1640.000000	1323.854130	1702648
3126	1644.000000	1322.641428	1700615
3128	1648.000000	1321.426670	1702342
3130	1652.000000	1320.207987	1704975
3132	1656.000000	1318.988714	1703039
3134	1660.000000	1317.769015	1704117
3136	1664.000000	1316.548081	1707578
3138	1668.000000	1315.325020	1701310
3140	1672.000000	1314.094330	1697670
3142	1676.000000	1312.869503	1699266
3144	1680.000000	1311.641783	1704113
3146	1684.000000	1310.411823	1705280
3148	1688.000000	1309.178679	1705233
3150	1692.000000	1307.940026	1701862
3152	1696.000000	1306.707533	1706079
3154	1700.000000	1305.463913	1703474
3156	1704.000000	1304.223618	1703196
3158	1708.000000	1302.979693	1704659
3160	1712.000000	1301.732300	1704608
3162	1716.000000	1300.479773	1705845
3164	1720.000000	1299.225514	1705226
3166	1724.000000	1297.971235	1703867
3168	1728.000000	1296.712879	1700026
3170	1732.000000	1295.454325	1698953
3172	1736.000000	1294.202082	1701413
3174	1740.000000	1292.937527	1701618
3176	1744.000000	1291.676985	1699633
3178	1748.000000	1290.409355	1700992
3180	1752.000000	1289.137867	1697834
3182	1756.000000	1287.876944	1701239
3184	1760.000000	1286.601313	1698105
3186	1764.000000	1285.332825	1699960
3188	1768.000000	1284.058706	1697765
3190	1772.000000	1282.787226	1697867
3192	1776.000000	1281.505223	1696996
3194	1780.000000	1280.221245	1697068
3196	1784.000000	1278.928513	1694472
3198	1788.000000	1277.639197	1692503
3200	1792.000000	1276.353508	1695132
3202	1796.000000	1275.066746	1697138
3204	1800.000000	1273.768448	1691344
3206	1804.000000	1272.475332	1692019
3208	1808.000000	1271.183277	1696962
3210	1812.000000	1269.881153	1697282
3212	1816.000000	1268.579815	1694694
3214	1820.000000	1267.276194	1697487
3216	1824.000000	1265.972246	1697755
3218	1828.000000	1264.665077	1698890
3220	1832.000000	1263.356936	1699309
3222	1836.000000	1262.047577	1696082
3224	1840.000000	1260.737110	1699164
3226	1844.000000	1259.425753	1700941
3228	1848.000000	1258.111586	1701921
3230	1852.000000	1256.790394	1696922
3232	1856.000000	1255.471031	1701996
3234	1860.000000	1254.147352	1700289
3236	1864.000000	1252.824040	1699212
3238	1868.000000	1251.502772	1706617
3240	1872.000000	1250.176474	1703959
3242	1876.000000	1248.838959	1701350
3244	1880.000000	1247.507567	1699037
3246	1884.000000	1246.166863	1695138
3248	1888.000000	1244.826052	1692737
3250	1892.000000	1243.490668	1695989
3252	1896.000000	1242.149430	1697958
3254	1900.000000	1240.811217	1700499
3256	1904.000000	1239.466828	1697064
3258	1908.000000	1238.118155	1696689
3260	1912.000000	1236.768635	1694732
3262	1916.000000	1235.419682	1696200
3264	1920.000000	1234.072325	1702781
3266	1924.000000	1232.725893	1701083
3268	1928.000000	1231.367809	1696040
3270	1932.000000	1230.012669	1696330
3272	1936.000000	1228.661370	1697974
3274	1940.000000	1227.299132	1698643
3276	1944.000000	1225.940279	1696331
3278	1948.000000	1224.573355	1697919
3280	1952.000000	1223.203444	1695839
3282	1956.000000	1221.842827	1698506
3284	1960.000000	1220.475002	1701932
3286	1964.000000	1219.107401	1702619
3288	1968.000000	1217.726162	1698322
3290	1972.000000	1216.353512	1698560
3292	1976.000000	1214.979201	1699627
3294	1980.000000	1213.598171	1702162
3296	1984.000000	1212.222384	1704831
3298	1988.000000	1210.840948	1701771
3300	1992.000000	1209.459923	1704130
3302	1996.000000	1208.077206	1705854
3304	2000.000000	1206.686180	1702400
3306	2004.000000	1205.290758	1703969
3308	2008.000000	1203.898188	1703261
3310	2012.000000	1202.501900	1696598
3312	2016.000000	1201.106133	1697522
3314	2020.000000	1199.710293	1697228
3316	2024.000000	1198.310690	1696283
3318	2028.000000	1196.910586	1698215
3320	2032.000000	1195.504114	1696591
3322	2036.000000	1194.098416	1693522
3324	2040.000000	1192.685690	1691411
3326	2044.000000	1191.279316	1694432
3328	2048.000000	1189.871565	1696481
3330	2052.000000	1188.451792	1689167
3332	2056.000000	1187.039538	1690665
3334	2060.000000	1185.621012	1687445
3336	2064.000000	1184.200474	1686526
3338	2068.000000	1182.780859	1681593
3340	2072.000000	1181.360932	1687000
3342	2076.000000	1179.932072	1682940
3344	2080.000000	1178.510733	1683827
3346	2084.000000	1177.079226	1675887
3348	2088.000000	1175.654083	1680638
3350	2092.000000	1174.226372	1681716
3352	2096.000000	1172.788145	1677653
3354	2100.000000	1171.359593	1676270
3356	2104.000000	1169.920826	1672630
3358	2108.000000	1168.492987	1680341
3360	2112.000000	1167.050842	1671770
3362	2116.000000	1165.609003	1667101
3364	2120.000000	1164.171536	1669300
3366	2124.000000	1162.729635	1665717
3368	2128.000000	1161.279429	1665621
3370	2132.000000	1159.832665	1660452
3372	2136.000000	1158.386673	1659960
3374	2140.000000	1156.936144	1657993
3376	2144.000000	1155.488236	1652512
3378	2148.000000	1154.028113	1651093
3380	2152.000000	1152.573431	1647889
3382	2156.000000	1151.122843	1655391
3384	2160.000000	1149.657625	1649997
3386	2164.000000	1148.199755	1653759
3388	2168.000000	1146.743511	1659224
3390	2172.000000	1145.271645	1654188
3392	2176.000000	1143.807720	1652982
3394	2180.000000	1142.346266	1653317
3396	2184.000000	1140.887350	1657387
3398	2188.000000	1139.417813	1653710
3400	2192.000000	1137.948178	1653140
3402	2196.000000	1136.478073	1655538
3404	2200.000000	1135.006514	1655843
3406	2204.000000	1133.525454	1656455
3408	2208.000000	1132.054018	1657443
3410	2212.000000	1130.574021	1657432
3412	2216.000000	1129.097510	1662689
3414	2220.000000	1127.618262	1660243
3416	2224.000000	1126.140000	1659134
3418	2228.000000	1124.648655	1652570
3420	2232.000000	1123.164847	1651835
3422	2236.000000	1121.680161	1651966
3424	2240.000000	1120.189676	1655769
3426	2244.000000	1118.708788	1656477
3428	2248.000000	1117.217903	1654066
3430	2252.000000	1115.732567	1658514
3432	2256.000000	1114.236017	1663765
3434	2260.000000	1112.745465	1661414
3436	2264.000000	1111.251824	1663660
3438	2268.000000	1109.751114	1663662
3440	2272.000000	1108.249438	1668425
3442	2276.000000	1106.747381	1671429
3444	2280.000000	1105.246311	1673630
3446	2284.000000	1103.740912	1675617
3448	2288.000000	1102.234093	1676568
3450	2292.000000	1100.718180	1680521
3452	2296.000000	1099.210266	1675544
3454	2300.000000	1097.698960	1678486
3456	2304.000000	1096.183048	1676452
3458	2308.000000	1094.667900	1682774
3460	2312.000000	1093.154392	1684000
3462	2316.000000	1091.634167	1683342
3464	2320.000000	1090.116635	1684456
3466	2324.000000	1088.591406	1685687
3468	2328.000000	1087.067517	1683340
3470	2332.000000	1085.545817	1682509
3472	2336.000000	1084.020733	1685070
3474	2340.000000	1082.490992	1683811
3476	2344.000000	1080.967732	1686908
3478	2348.000000	1079.435888	1683593
3480	2352.000000	1077.902779	1684336
3482	2356.000000	1076.371424	1685845
3484	2360.000000	1074.830794	1684443
3486	2364.000000	1073.295962	1678925
3488	2368.000000	1071.753365	1682206
3490	2372.000000	1070.216706	1686316
3492	2376.000000	1068.675650	1680029
3494	2380.000000	1067.127531	1679747
3496	2384.000000	1065.586111	1679329
3498	2388.000000	1064.043640	1681516
3500	2392.000000	1062.504290	1681959
3502	2396.000000	1060.947771	1678691
3504	2400.000000	1059.399525	1684004
3506	2404.000000	1057.850088	1687093
3508	2408.000000	1056.297730	1688692
3510	2412.000000	1054.742933	1688153
3512	2416.000000	1053.194798	1690202
3514	2420.000000	1051.640513	1688793
3516	2424.000000	1050.087235	1685878
3518	2428.000000	1048.522942	1687564
3520	2432.000000	1046.958883	1683439
3522	2436.000000	1045.395588	1687476
3524	2440.000000	1043.832024	1690286
3526	2444.000000	1042.273400	1693580
3528	2448.000000	1040.702572	1687896
3530	2452.000000	1039.138266	1686963
3532	2456.000000	1037.574686	1691033
3534	2460.000000	1036.008290	1693274
3536	2464.000000	1034.433027	1689083
3538	2468.000000	1032.855131	1686557
3540	2472.000000	1031.275820	1681363
3542	2476.000000	1029.697935	1677057
3544	2480.000000	1028.123118	1679751
3546	2484.000000	1026.545424	1680103
3548	2488.000000	1024.956150	1674850
3550	2492.000000	1023.374853	1672413
3552	2496.000000	1021.790964	1674519
3554	2500.000000	1020.205881	1671445
3556	2504.000000	1018.620571	1670856
3558	2508.000000	1017.041876	1676009
3560	2512.000000	1015.455086	1678906
3562	2516.000000	1013.864950	1679051
3564	2520.000000	1012.283280	1687734
3566	2524.000000	1010.687994	1685003
3568	2528.000000	1009.098618	1685946
3570	2532.000000	1007.504654	1686124
3572	2536.000000	1005.908619	1685094
3574	2540.000000	1004.309599	1688419
3576	2544.000000	1002.706759	1684683
3578	2548.000000	1001.105751	1684270
3580	2552.000000	999.507219	1688585
3582	2556.000000	997.906418	1686012
3584	2560.000000	996.295147	1683568
3586	2564.000000	994.690298	1684633
3588	2568.000000	993.081022	1680859
3590	2572.000000	991.477162	1682182
3592	2576.000000	989.865236	1680967
3594	2580.000000	988.254250	1671044
3596	2584.000000	986.641617	1675240
3598	2588.000000	985.031424	1675237
3600	2592.000000	983.414923	1675005
3602	2596.000000	981.802082	1679358
3604	2600.000000	980.181193	1679529
3606	2604.000000	978.567469	1681809
3608	2608.000000	976.943512	1672150
3610	2612.000000	975.320051	1666561
3612	2616.000000	973.696783	1666319
3614	2620.000000	972.077440	1670013
3616	2624.000000	970.455338	1674416
3618	2628.000000	968.826098	1673543
3620	2632.000000	967.200089	1678116
3622	2636.000000	965.573475	1674848
3624	2640.000000	963.940355	1673841
3626	2644.000000	962.310120	1678016
3628	2648.000000	960.676619	1677311
3630	2652.000000	959.045645	1675309
3632	2656.000000	957.405819	1672490
3634	2660.000000	955.769919	1671639
3636	2664.000000	954.138500	1676472
3638	2668.000000	952.499361	1676491
3640	2672.000000	950.859999	1680747
3642	2676.000000	949.222178	1680709
3644	2680.000000	947.576660	1676164
3646	2684.000000	945.934138	1678529
3648	2688.000000	944.289677	1675976
3650	2692.000000	942.641504	1676463
3652	2696.000000	941.002627	1681331
3654	2700.000000	939.351265	1676766
3656	2704.000000	937.701378	1676194
3658	2708.000000	936.051045	1678038
3660	2712.000000	934.396414	1670925
3662	2716.000000	932.751831	1673452
3664	2720.000000	931.096930	1675927
3666	2724.000000	929.434145	1673677
3668	2728.000000	927.778555	1668631
3670	2732.000000	926.113569	1662589
3672	2736.000000	924.458412	1663340
3674	2740.000000	922.798367	1671488
3676	2744.000000	921.142843	1668217
3678	2748.000000	919.484856	1673008
3680	2752.000000	917.825327	1669913
3682	2756.000000	916.158320	1676987
3684	2760.000000	914.499941	1672065
3686	2764.000000	912.831753	1667974
3688	2768.000000	911.168766	1670966
3690	2772.000000	909.502907	1674312
3692	2776.000000	907.835478	1673675
3694	2780.000000	906.165526	1673187
3696	2784.000000	904.503781	1671470
3698	2788.000000	902.833470	1674712
3700	2792.000000	901.162914	1677418
3702	2796.000000	899.490975	1676928
3704	2800.000000	897.807099	1674212
3706	2804.000000	896.140883	1681213
3708	2808.000000	894.461870	1680909
3710	2812.000000	892.781771	1682357
3712	2816.000000	891.094305	1680829
3714	2820.000000	889.412985	1681229
3716	2824.000000	887.734226	1680332
3718	2828.000000	886.043175	1678470
3720	2832.000000	884.358784	1676542
3722	2836.000000	882.674666	1673143
3724	2840.000000	880.982683	1670409
3726	2844.000000	879.302063	1669558
3728	2848.000000	877.612110	1669174
3730	2852.000000	875.926161	1669893
3732	2856.000000	874.236798	1664268
3734	2860.000000	872.553106	1670919
3736	2864.000000	870.861820	1669804
3738	2868.000000	869.174757	1671953
3740	2872.000000	867.484272	1672708
3742	2876.000000	865.794474	1682581
3744	2880.000000	864.099913	1682927
3746	2884.000000	862.399761	1678414
3748	2888.000000	860.698967	1678934
3750	2892.000000	859.002537	1676662
3752	2896.000000	857.307718	1682075
3754	2900.000000	855.604172	1679974
3756	2904.000000	853.908537	1679127
3758	2908.000000	852.203932	1679319
3760	2912.000000	850.494505	1681303
3762	2916.000000	848.786635	1675049
3764	2920.000000	847.079031	1675235
3766	2924.000000	845.380623	1675396
3768	2928.000000	843.677187	1677997
3770	2932.000000	841.965939	1674642
3772	2936.000000	840.261337	1676846
3774	2940.000000	838.554884	1684379
3776	2944.000000	836.847626	1681834
3778	2948.000000	835.129637	1679341
3780	2952.000000	833.425869	1680436
3782	2956.000000	831.717020	1679709
3784	2960.000000	830.001692	1674199
3786	2964.000000	828.285561	1679556
3788	2968.000000	826.581066	1678714
3790	2972.000000	824.861254	1682187
3792	2976.000000	823.139656	1682524
3794	2980.000000	821.420313	1685237
3796	2984.000000	819.702698	1690124
3798	2988.000000	817.978243	1679169
3800	2992.000000	816.258360	1678863
3802	2996.000000	814.541714	1679538
3804	3000.000000	812.810610	1668661
3806	3004.000000	811.089901	1664606
3808	3008.000000	809.371336	1659965
3810	3012.000000	807.652910	1658039
3812	3016.000000	805.922032	1652310
3814	3020.000000	804.200199	1650462
3816	3024.000000	802.473017	1649969
3818	3028.000000	800.740635	1643826
3820	3032.000000	799.020451	1644222
3822	3036.000000	797.290226	1644172
3824	3040.000000	795.555704	1635657
3826	3044.000000	793.823015	1635491
3828	3048.000000	792.093580	1629457
3830	3052.000000	790.355147	1624001
3832	3056.000000	788.632969	1620524
3834	3060.000000	786.899742	1615886
3836	3064.000000	785.170122	1622125
3838	3068.000000	783.428648	1611121
3840	3072.000000	781.701891	1610697
3842	3076.000000	779.971674	1608675
3844	3080.000000	778.241791	1615924
3846	3084.000000	776.501555	1609975
3848	3088.000000	774.773907	1612970
3850	3092.000000	773.042330	1605883
3852	3096.000000	771.307223	1603121
3854	3100.000000	769.570875	1597483
3856	3104.000000	767.838206	1594607
3858	3108.000000	766.099787	1591581
3860	3112.000000	764.358717	1594235
3862	3116.000000	762.619347	1586852
3864	3120.000000	760.890328	1595980
3866	3124.000000	759.146147	1590015
3868	3128.000000	757.404150	1588269
3870	3132.000000	755.667769	1585567
3872	3136.000000	753.930975	1591935
3874	3140.000000	752.185538	1582553
3876	3144.000000	750.445507	1581764
3878	3148.000000	748.700886	1579200
3880	3152.000000	746.965847	1577324
3882	3156.000000	745.224325	1575647
3884	3160.000000	743.473292	1571761
3886	3164.000000	741.731114	1572758
3888	3168.000000	739.986254	1571549
3890	3172.000000	738.242844	1568886
3892	3176.000000	736.493809	1563350
3894	3180.000000	734.736956	1561983
3896	3184.000000	732.997448	1561648
3898	3188.000000	731.253971	1563250
3900	3192.000000	729.514488	1561482
3902	3196.000000	727.768213	1566461
3904	3200.000000	726.018225	1568405
3906	3204.000000	724.267405	1555107
3908	3208.000000	722.514034	1551510
3910	3212.000000	720.763901	1553466
3912	3216.000000	719.015907	1551472
3914	3220.000000	717.266974	1542031
3916	3224.000000	715.514971	1538735
3918	3228.000000	713.756155	1533403
3920	3232.000000	712.000742	1529105
3922	3236.000000	710.257008	1521950
3924	3240.000000	708.503987	1524994
3926	3244.000000	706.741831	1514859
3928	3248.000000	704.990177	1512182
3930	3252.000000	703.229834	1508781
3932	3256.000000	701.472101	1507645
3934	3260.000000	699.718180	1503395
3936	3264.000000	697.953385	1494714
3938	3268.000000	696.191599	1483005
3940	3272.000000	694.437031	1475610
3942	3276.000000	692.670534	1467375
3944	3280.000000	690.920206	1463285
3946	3284.000000	689.160954	1459034
3948	3288.000000	687.400559	1448200
3950	3292.000000	685.640593	1447221
3952	3296.000000	683.877871	1440873
3954	3300.000000	682.131380	1444939
3956	3304.000000	680.358725	1434159
3958	3308.000000	678.609940	1438908
3960	3312.000000	676.839651	1431005
3962	3316.000000	675.084234	1435983
3964	3320.000000	673.328097	1435207
3966	3324.000000	671.562334	1429561
3968	3328.000000	669.793427	1427782
3970	3332.000000	668.034929	1417999
3972	3336.000000	666.271094	1420043
3974	3340.000000	664.496231	1407038
3976	3344.000000	662.736183	1402428
3978	3348.000000	660.963932	1392890
3980	3352.000000	659.195925	1385823
3982	3356.000000	657.423714	1380958
3984	3360.000000	655.653971	1381329
3986	3364.000000	653.878523	1377955
3988	3368.000000	652.101614	1377945
3990	3372.000000	650.336369	1380754
3992	3376.000000	648.551251	1371480
3994	3380.000000	646.780092	1367739
3996	3384.000000	645.012877	1365109
3998	3388.000000	643.234705	1365543
4000	3392.000000	641.462654	1365490
4002	3396.000000	639.679941	1360477
4004	3400.000000	637.907776	1361422
4006	3404.000000	636.131462	1357100
4008	3408.000000	634.354267	1363428
4010	3412.000000	632.575649	1352988
4012	3416.000000	630.786675	1349970
4014	3420.000000	629.011343	1346851
4016	3424.000000	627.226742	1349330
4018	3428.000000	625.448002	1348518
4020	3432.000000	623.654247	1340714
4022	3436.000000	621.866369	1339645
4024	3440.000000	620.074511	1330807
4026	3444.000000	618.290220	1328307
4028	3448.000000	616.504700	1329290
4030	3452.000000	614.727402	1328134
4032	3456.000000	612.935587	1330421
4034	3460.000000	611.145527	1333840
4036	3464.000000	609.349253	1329591
4038	3468.000000	607.554293	1328081
4040	3472.000000	605.760327	1332220
4042	3476.000000	603.965490	1337537
4044	3480.000000	602.171793	1334997
4046	3484.000000	600.381674	1336479
4048	3488.000000	598.577034	1335510
4050	3492.000000	596.780159	1336384
4052	3496.000000	594.987038	1333684
4054	3500.000000	593.186073	1329888
4056	3504.000000	591.386177	1332492
4058	3508.000000	589.591139	1333737
4060	3512.000000	587.793720	1330042
4062	3516.000000	585.999649	1334668
4064	3520.000000	584.185883	1328136
4066	3524.000000	582.390522	1331406
4068	3528.000000	580.579718	1330001
4070	3532.000000	578.765452	1321159
4072	3536.000000	576.963022	1322437
4074	3540.000000	575.151499	1324411
4076	3544.000000	573.345371	1323596
4078	3548.000000	571.536602	1329352
4080	3552.000000	569.728586	1334409
4082	3556.000000	567.915983	1334071
4084	3560.000000	566.105723	1333453
4086	3564.000000	564.289864	1332614
4088	3568.000000	562.475769	1334232
4090	3572.000000	560.662085	1340691
4092	3576.000000	558.845963	1341954
4094	3580.000000	557.024738	1342066
4096	3584.000000	555.214119	1350158
4098	3588.000000	553.396366	1347286
4100	3592.000000	551.577385	1347656
4102	3596.000000	549.758288	1345101
4104	3600.000000	547.936329	1344278
4106	3604.000000	546.117666	1352849
4108	3608.000000	544.296932	1351392
4110	3612.000000	542.463692	1356886
4112	3616.000000	540.627686	1348878
4114	3620.000000	538.799013	1350133
4116	3624.000000	536.956738	1353666
4118	3628.000000	535.118841	1344797
4120	3632.000000	533.286942	1345070
4122	3636.000000	531.446133	1333270
4124	3640.000000	529.615959	1339480
4126	3644.000000	527.771280	1336961
4128	3648.000000	525.937147	1342247
4130	3652.000000	524.086971	1335460
4132	3656.000000	522.251682	1350168
4134	3660.000000	520.414940	1352956
4136	3664.000000	518.568737	1356868
4138	3668.000000	516.733303	1361798
4140	3672.000000	514.881691	1361992
4142	3676.000000	513.041361	1364123
4144	3680.000000	511.194973	1371002
4146	3684.000000	509.354515	1372244
4148	3688.000000	507.491766	1366253
4150	3692.000000	505.641865	1364832
4152	3696.000000	503.789713	1362365
4154	3700.000000	501.934105	1360804
4156	3704.000000	500.079209	1358912
4158	3708.000000	498.217837	1358647
4160	3712.000000	496.359726	1359726
4162	3716.000000	494.499264	1363404
4164	3720.000000	492.645714	1366382
4166	3724.000000	490.770970	1362294
4168	3728.000000	488.910084	1367470
4170	3732.000000	487.037123	1366295
4172	3736.000000	485.171072	1363013
4174	3740.000000	483.308172	1365255
4176	3744.000000	481.449238	1367016
4178	3748.000000	479.579641	1364463
4180	3752.000000	477.709231	1359049
4182	3756.000000	475.839283	1362906
4184	3760.000000	473.961212	1363478
4186	3764.000000	472.084490	1361597
4188	3768.000000	470.213226	1361050
4190	3772.000000	468.337137	1361343
4192	3776.000000	466.460070	1356137
4194	3780.000000	464.574064	1356189
4196	3784.000000	462.697617	1359096
4198	3788.000000	460.818375	1371612
4200	3792.000000	458.934334	1369518
4202	3796.000000	457.039505	1367550
4204	3800.000000	455.153341	1370223
4206	3804.000000	453.264389	1376898
4208	3808.000000	451.378672	1382469
4210	3812.000000	449.480715	1384153
4212	3816.000000	447.580862	1381503
4214	3820.000000	445.690310	1385731
4216	3824.000000	443.804516	1389308
4218	3828.000000	441.893372	1381432
4220	3832.000000	439.996433	1387352
4222	3836.000000	438.087778	1385197
4224	3840.000000	436.174547	1383635
4226	3844.000000	434.272961	1391368
4228	3848.000000	432.363932	1385547
4230	3852.000000	430.455858	1393595
4232	3856.000000	428.542158	1391885
4234	3860.000000	426.627348	1381393
4236	3864.000000	424.714020	1384128
4238	3868.000000	422.801102	1391706
4240	3872.000000	420.886366	1387187
4242	3876.000000	418.966280	1393691
4244	3880.000000	417.044356	1389035
4246	3884.000000	415.117987	1378271
4248	3888.000000	413.194569	1384894
4250	3892.000000	411.267843	1374411
4252	3896.000000	409.347721	1376578
4254	3900.000000	407.421593	1379672
4256	3904.000000	405.493214	1381270
4258	3908.000000	403.563461	1389618
4260	3912.000000	401.620590	1386684
4262	3916.000000	399.680393	1395334
4264	3920.000000	397.744408	1400256
4266	3924.000000	395.809221	1400151
4268	3928.000000	393.876497	1409635
4270	3932.000000	391.931980	1412804
4272	3936.000000	389.977884	1417553
4274	3940.000000	388.042297	1421604
4276	3944.000000	386.078444	1414371
4278	3948.000000	384.120350	1415774
4280	3952.000000	382.166243	1404521
4282	3956.000000	380.205357	1399744
4284	3960.000000	378.249092	1402690
4286	3964.000000	376.284565	1392730
4288	3968.000000	374.318104	1396236
4290	3972.000000	372.343815	1386654
4292	3976.000000	370.374842	1386609
4294	3980.000000	368.406660	1394695
4296	3984.000000	366.439951	1397269
4298	3988.000000	364.468712	1405578
4300	3992.000000	362.493147	1409587
4302	3996.000000	360.503540	1397200
4304	4000.000000	358.523756	1391513
4306	4004.000000	356.540054	1400222
4308	4008.000000	354.559389	1394357
4310	4012.000000	352.563887	1385521
4312	4016.000000	350.577767	1390990
4314	4020.000000	348.589998	1400749
4316	4024.000000	346.600880	1396712
4318	4028.000000	344.593714	1398003
4320	4032.000000	342.593788	1396284
4322	4036.000000	340.596739	1390893
4324	4040.000000	338.599062	1398899
4326	4044.000000	336.590838	1397007
4328	4048.000000	334.581120	1403562
4330	4052.000000	332.561403	1394201
4332	4056.000000	330.545239	1387428
4334	4060.000000	328.529614	1387312
4336	4064.000000	326.516459	1385191
4338	4068.000000	324.484856	1387550
4340	4072.000000	322.463444	1388358
4342	4076.000000	320.419479	1373292
4344	4080.000000	318.400488	1373495
4346	4084.000000	316.361815	1376561
4348	4088.000000	314.331560	1379443
4350	4092.000000	312.281721	1366625
4352	4096.000000	310.238648	1376618
4354	4100.000000	308.196289	1380454
4356	4104.000000	306.149555	1384336
4358	4108.000000	304.109528	1384106
4360	4112.000000	302.058878	1390097
4362	4116.000000	299.996439	1391693
4364	4120.000000	297.929930	1391885
4366	4124.000000	295.874792	1390009
4368	4128.000000	293.808725	1393557
4370	4132.000000	291.729952	1389851
4372	4136.000000	289.680624	1396143
4374	4140.000000	287.604504	1390036
4376	4144.000000	285.516924	1385897
4378	4148.000000	283.438967	1380251
4380	4152.000000	281.355080	1379990
4382	4156.000000	279.269362	1382491
4384	4160.000000	277.177933	1373828
4386	4164.000000	275.087834	1393224
4388	4168.000000	272.983130	1378725
4390	4172.000000	270.885244	1385001
4392	4176.000000	268.782585	1378264
4394	4180.000000	266.658653	1364500
4396	4184.000000	264.566782	1370383
4398	4188.000000	262.456026	1377449
4400	4192.000000	260.349114	1374256
4402	4196.000000	258.222302	1371998
4404	4200.000000	256.106514	1372044
4406	4204.000000	253.980063	1381437
4408	4208.000000	251.851481	1379163
4410	4212.000000	249.706581	1372332
4412	4216.000000	247.575562	1377362
4414	4220.000000	245.438997	1387441
4416	4224.000000	243.277031	1371322
4418	4228.000000	241.130394	1373990
4420	4232.000000	238.983399	1377484
4422	4236.000000	236.813524	1371375
4424	4240.000000	234.646179	1365344
4426	4244.000000	232.497311	1369082
4428	4248.000000	230.311180	1367266
4430	4252.000000	228.157089	1376908
4432	4256.000000	225.982126	1383715
4434	4260.000000	223.782652	1370265
4436	4264.000000	221.590853	1364075
4438	4268.000000	219.398243	1366554
4440	4272.000000	217.204096	1366309
4442	4276.000000	215.001968	1361346
4444	4280.000000	212.787735	1355394
4446	4284.000000	210.585455	1358387
4448	4288.000000	208.365076	1360771
4450	4292.000000	206.150395	1363304
4452	4296.000000	203.918951	1348199
4454	4300.000000	201.692537	1356931
4456	4304.000000	199.446362	1351548
4458	4308.000000	197.217981	1361441
4460	4312.000000	194.947149	1339673
4462	4316.000000	192.690662	1344124
4464	4320.000000	190.439242	1347565
4466	4324.000000	188.177696	1366872
4468	4328.000000	185.907459	1356464
4470	4332.000000	183.643009	1375216
4472	4336.000000	181.352779	1356806
4474	4340.000000	179.087795	1388178
4476	4344.000000	176.793760	1372397
4478	4348.000000	174.509153	1388787
4480	4352.000000	172.202452	1390483
4482	4356.000000	169.883387	1388231
4484	4360.000000	167.562410	1389069
4486	4364.000000	165.240522	1385609
4488	4368.000000	162.914784	1375084
4490	4372.000000	160.560324	1372901
4492	4376.000000	158.244631	1391569
4494	4380.000000	155.884052	1383198
4496	4384.000000	153.545910	1393832
4498	4388.000000	151.180203	1396840
4500	4392.000000	148.819378	1401842
4502	4396.000000	146.438047	1395437
4504	4400.000000	144.043602	1393638
4506	4404.000000	141.639824	1399320
4508	4408.000000	139.232531	1381603
4510	4412.000000	136.815678	1371132
4512	4416.000000	134.389647	1396503
4514	4420.000000	131.960836	1377315
4516	4424.000000	129.522245	1405237
4518	4428.000000	127.072374	1377405
4520	4432.000000	124.595177	1386154
4522	4436.000000	122.138092	1357508
4524	4440.000000	119.667347	1397654
4526	4444.000000	117.199316	1380623
4528	4448.000000	114.692936	1394726
4530	4452.000000	112.214541	1390547
4532	4456.000000	109.714670	1405105
4534	4460.000000	107.183077	1386285
4536	4464.000000	104.668524	1398793
4538	4468.000000	102.095455	1387268
4540	4472.000000	99.546656	1394223
4542	4476.000000	96.978773	1416717
4544	4480.000000	94.414515	1400785
4546	4484.000000	91.804936	1423334
4548	4488.000000	89.220484	1410717
4550	4492.000000	86.575352	1421666
4552	4496.000000	83.959230	1422635
4554	4500.000000	81.270994	1435023
4556	4504.000000	78.641785	1437506
4558	4508.000000	75.919188	1443847
4560	4512.000000	73.299345	1455533
4562	4516.000000	70.487749	1451143
4564	4520.000000	67.878941	1456772
4566	4524.000000	64.971657	1445674
4568	4528.000000	62.388056	1467319
4570	4532.000000	59.381411	1449345
4572	4536.000000	56.810677	1461736
4574	4540.000000	53.710571	1470068
4576	4544.000000	51.155497	1444029
4578	4548.000000	47.852514	1451741
4580	4552.000000	45.414959	1466632
4582	4556.000000	41.951294	1505430
4584	4560.000000	39.554485	1471104
4586	4564.000000	35.812590	1490021
4588	4568.000000	33.566343	1492137
4590	4572.000000	29.482456	1514612
4592	4576.000000	27.448824	1503637
4594	4580.000000	22.855583	1462474
4596	4584.000000	21.056072	1473002
4598	4588.000000	15.828659	1421244
4600	4592.000000	14.467188	1445237
4602	4596.000000	8.176479	1430136
4604	4600.000000	7.449976	1417059
4608	4608.000000	-0.133652	1482424
