i	E(i)	g[i]	hist[i]
0	-128.000000	0.000000	107516730
1	-126.000000	-10236723.806249	1
2	-124.000000	-10236721.806249	3
3	-122.000000	-10236723.806249	1
4	-120.000000	-10236723.806249	1
5	-118.000000	-10236720.806249	4
6	-116.000000	-10236722.806249	2
7	-114.000000	-10236723.806249	1
8	-112.000000	-10236722.806249	2
9	-110.000000	-10236723.806249	1
10	-108.000000	-10236718.806250	6
11	-106.000000	-10236720.806249	4
12	-104.000000	-10236722.806249	2
13	-102.000000	-10236723.806249	1
14	-100.000000	-10236721.806249	3
15	-98.000000	-10236721.806249	3
16	-96.000000	-10236723.806249	1
17	-94.000000	-10236723.806249	1
18	-92.000000	-10236722.806249	2
19	-90.000000	-10236723.806249	1
20	-88.000000	-10236722.806249	2
21	-86.000000	-10236722.806249	2
22	-84.000000	-10236722.806249	2
23	-82.000000	-10236722.806249	2
24	-80.000000	-10236722.806249	2
25	-78.000000	-10236720.806249	4
26	-76.000000	-10236722.806249	2
27	-74.000000	-10236723.806249	1
28	-72.000000	-10236721.806249	3
29	-70.000000	-10236721.806249	3
30	-68.000000	-10236722.806249	2
31	-66.000000	-10236722.806249	2
32	-64.000000	-10236723.806249	1
33	-62.000000	-10236722.806249	2
34	-60.000000	-10236721.806249	3
35	-58.000000	-10236723.806249	1
36	-56.000000	-10236721.806249	3
37	-54.000000	-10236723.806249	1
38	-52.000000	-10236723.806249	1
39	-50.000000	-10236723.806249	1
40	-48.000000	-10236722.806249	2
41	-46.000000	-10236723.806249	1
42	-44.000000	-10236722.806249	2
43	-42.000000	-10236722.806249	2
44	-40.000000	-10236723.806249	1
45	-38.000000	-10236723.806249	1
46	-36.000000	-10236722.806249	2
47	-34.000000	-10236721.806249	3
48	-32.000000	-10236720.806249	4
49	-30.000000	-10236723.806249	1
50	-28.000000	-10236723.806249	1
51	-26.000000	-10236719.806250	5
52	-24.000000	-10236723.806249	1
53	-22.000000	-10236723.806249	1
54	-20.000000	-10236721.806249	3
55	-18.000000	-10236717.806250	7
56	-16.000000	-10236722.806249	2
57	-14.000000	-10236723.806249	1
58	-12.000000	-10236723.806249	1
59	-10.000000	-10236721.806249	3
60	-8.000000	-10236722.806249	2
61	-6.000000	-10236723.806249	1
62	-4.000000	-10236720.806249	4
63	-2.000000	-10236719.806250	5
64	0.000000	-10236723.806249	1
65	2.000000	-10236723.806249	1
66	4.000000	-10236722.806249	2
67	6.000000	-10236722.806249	2
68	8.000000	-10236720.806249	4
69	10.000000	-10236718.806250	6
70	12.000000	-10236723.806249	1
71	14.000000	-10236722.806249	2
72	16.000000	-10236719.806250	5
73	18.000000	-10236721.806249	3
74	20.000000	-10236723.806249	1
75	22.000000	-10236722.806249	2
76	24.000000	-10236718.806250	6
77	26.000000	-10236723.806249	1
78	28.000000	-10236723.806249	1
79	30.000000	-10236723.806249	1
80	32.000000	-10236722.806249	2
81	34.000000	-10236720.806249	4
82	36.000000	-10236720.806249	4
83	38.000000	-10236723.806249	1
84	40.000000	-10236722.806249	2
85	42.000000	-10236722.806249	2
86	44.000000	-10236721.806249	3
87	46.000000	-10236721.806249	3
88	48.000000	-10236722.806249	2
89	50.000000	-10236721.806249	3
90	52.000000	-10236722.806249	2
91	54.000000	-10236723.806249	1
92	56.000000	-10236723.806249	1
93	58.000000	-10236722.806249	2
94	60.000000	-10236722.806249	2
95	62.000000	-10236723.806249	1
96	64.000000	-10236723.806249	1
97	66.000000	-10236722.806249	2
98	68.000000	-10236722.806249	2
99	70.000000	-10236722.806249	2
100	72.000000	-10236723.806249	1
101	74.000000	-10236722.806249	2
102	76.000000	-10236719.806250	5
103	78.000000	-10236723.806249	1
104	80.000000	-10236723.806249	1
105	82.000000	-10236722.806249	2
106	84.000000	-10236722.806249	2
107	86.000000	-10236723.806249	1
108	88.000000	-10236720.806249	4
109	90.000000	-10236723.806249	1
110	92.000000	-10236723.806249	1
111	94.000000	-10236721.806249	3
112	96.000000	-10236721.806249	3
113	98.000000	-10236723.806249	1
114	100.000000	-10236722.806249	2
115	102.000000	-10236721.806249	3
116	104.000000	-10236723.806249	1
117	106.000000	-10236718.806250	6
118	108.000000	-10236722.806249	2
119	110.000000	-10236723.806249	1
120	112.000000	-10236722.806249	2
121	114.000000	-10236722.806249	2
122	116.000000	-10236722.806249	2
123	118.000000	-10236721.806249	3
124	120.000000	-10236723.806249	1
125	122.000000	-10236722.806249	2
126	124.000000	-10236722.806249	2
128	128.000000	-10236722.806249	2
129	130.000000	-10236723.806249	1
130	132.000000	-10236723.806249	1
131	134.000000	-10236723.806249	1
132	136.000000	-10236721.806249	3
133	138.000000	-10236723.806249	1
134	140.000000	-10236723.806249	1
135	142.000000	-10236723.806249	1
136	144.000000	-10236722.806249	2
137	146.000000	-10236721.806249	3
138	148.000000	-10236721.806249	3
139	150.000000	-10236722.806249	2
140	152.000000	-10236722.806249	2
141	154.000000	-10236722.806249	2
142	156.000000	-10236722.806249	2
143	158.000000	-10236722.806249	2
144	160.000000	-10236721.806249	3
145	162.000000	-10236723.806249	1
146	164.000000	-10236723.806249	1
147	166.000000	-10236719.806250	5
148	168.000000	-10236722.806249	2
149	170.000000	-10236722.806249	2
150	172.000000	-10236723.806249	1
151	174.000000	-10236722.806249	2
152	176.000000	-10236722.806249	2
153	178.000000	-10236722.806249	2
154	180.000000	-10236720.806249	4
155	182.000000	-10236723.806249	1
156	184.000000	-10236723.806249	1
157	186.000000	-10236722.806249	2
158	188.000000	-10236723.806249	1
159	190.000000	-10236722.806249	2
160	192.000000	-10236723.806249	1
161	194.000000	-10236716.806250	8
162	196.000000	-10236721.806249	3
163	198.000000	-10236722.806249	2
164	200.000000	-10236722.806249	2
165	202.000000	-10236721.806249	3
166	204.000000	-10236723.806249	1
167	206.000000	-10236723.806249	1
168	208.000000	-10236722.806249	2
169	210.000000	-10236721.806249	3
170	212.000000	-10236723.806249	1
171	214.000000	-10236723.806249	1
172	216.000000	-10236721.806249	3
173	218.000000	-10236721.806249	3
174	220.000000	-10236723.806249	1
175	222.000000	-10236722.806249	2
176	224.000000	-10236722.806249	2
177	226.000000	-10236719.806250	5
178	228.000000	-10236719.806250	5
179	230.000000	-10236723.806249	1
180	232.000000	-10236722.806249	2
181	234.000000	-10236717.806250	7
182	236.000000	-10236723.806249	1
183	238.000000	-10236722.806249	2
184	240.000000	-10236723.806249	1
185	242.000000	-10236722.806249	2
186	244.000000	-10236722.806249	2
187	246.000000	-10236721.806249	3
188	248.000000	-10236723.806249	1
189	250.000000	-10236723.806249	1
190	252.000000	-10236721.806249	3
191	254.000000	-10236723.806249	1
192	256.000000	-10236722.806249	2
193	258.000000	-10236723.806249	1
194	260.000000	-10236721.806249	3
195	262.000000	-10236722.806249	2
196	264.000000	-10236723.806249	1
197	266.000000	-10236723.806249	1
198	268.000000	-10236722.806249	2
199	270.000000	-10236721.806249	3
200	272.000000	-10236723.806249	1
201	274.000000	-10236722.806249	2
202	276.000000	-10236722.806249	2
203	278.000000	-10236723.806249	1
204	280.000000	-10236722.806249	2
205	282.000000	-10236722.806249	2
206	284.000000	-10236723.806249	1
207	286.000000	-10236722.806249	2
208	288.000000	-10236723.806249	1
209	290.000000	-10236722.806249	2
210	292.000000	-10236720.806249	4
211	294.000000	-10236723.806249	1
212	296.000000	-10236721.806249	3
213	298.000000	-10236721.806249	3
214	300.000000	-10236722.806249	2
215	302.000000	-10236722.806249	2
216	304.000000	-10236722.806249	2
217	306.000000	-10236723.806249	1
218	308.000000	-10236723.806249	1
219	310.000000	-10236723.806249	1
220	312.000000	-10236722.806249	2
221	314.000000	-10236721.806249	3
222	316.000000	-10236721.806249	3
223	318.000000	-10236721.806249	3
224	320.000000	-10236722.806249	2
225	322.000000	-10236722.806249	2
226	324.000000	-10236716.806250	8
227	326.000000	-10236716.806250	8
228	328.000000	-10236721.806249	3
229	330.000000	-10236723.806249	1
230	332.000000	-10236722.806249	2
231	334.000000	-10236723.806249	1
232	336.000000	-10236722.806249	2
233	338.000000	-10236723.806249	1
234	340.000000	-10236722.806249	2
235	342.000000	-10236723.806249	1
236	344.000000	-10236721.806249	3
237	346.000000	-10236723.806249	1
238	348.000000	-10236720.806249	4
239	350.000000	-10236722.806249	2
240	352.000000	-10236723.806249	1
241	354.000000	-10236723.806249	1
242	356.000000	-10236722.806249	2
243	358.000000	-10236720.806249	4
244	360.000000	-10236723.806249	1
245	362.000000	-10236720.806249	4
246	364.000000	-10236723.806249	1
247	366.000000	-10236723.806249	1
248	368.000000	-10236723.806249	1
249	370.000000	-10236723.806249	1
250	372.000000	-10236721.806249	3
251	374.000000	-10236719.806250	5
252	376.000000	-10236723.806249	1
253	378.000000	-10236723.806249	1
254	380.000000	-10236722.806249	2
255	382.000000	-10236720.806249	4
256	384.000000	-10236723.806249	1
257	386.000000	-10236723.806249	1
258	388.000000	-10236717.806250	7
259	390.000000	-10236723.806249	1
260	392.000000	-10236723.806249	1
261	394.000000	-10236723.806249	1
262	396.000000	-10236721.806249	3
263	398.000000	-10236723.806249	1
264	400.000000	-10236722.806249	2
265	402.000000	-10236723.806249	1
266	404.000000	-10236721.806249	3
267	406.000000	-10236722.806249	2
268	408.000000	-10236723.806249	1
269	410.000000	-10236723.806249	1
270	412.000000	-10236722.806249	2
271	414.000000	-10236723.806249	1
272	416.000000	-10236722.806249	2
273	418.000000	-10236723.806249	1
274	420.000000	-10236721.806249	3
275	422.000000	-10236720.806249	4
276	424.000000	-10236723.806249	1
277	426.000000	-10236723.806249	1
278	428.000000	-10236722.806249	2
279	430.000000	-10236723.806249	1
280	432.000000	-10236722.806249	2
281	434.000000	-10236722.806249	2
282	436.000000	-10236723.806249	1
283	438.000000	-10236722.806249	2
284	440.000000	-10236719.806250	5
285	442.000000	-10236723.806249	1
286	444.000000	-10236720.806249	4
287	446.000000	-10236722.806249	2
288	448.000000	-10236723.806249	1
289	450.000000	-10236723.806249	1
290	452.000000	-10236722.806249	2
291	454.000000	-10236723.806249	1
292	456.000000	-10236722.806249	2
293	458.000000	-10236722.806249	2
294	460.000000	-10236720.806249	4
295	462.000000	-10236720.806249	4
296	464.000000	-10236723.806249	1
297	466.000000	-10236722.806249	2
298	468.000000	-10236722.806249	2
299	470.000000	-10236723.806249	1
300	472.000000	-10236723.806249	1
301	474.000000	-10236723.806249	1
302	476.000000	-10236723.806249	1
303	478.000000	-10236720.806249	4
304	480.000000	-10236720.806249	4
305	482.000000	-10236721.806249	3
306	484.000000	-10236723.806249	1
307	486.000000	-10236723.806249	1
308	488.000000	-10236720.806249	4
309	490.000000	-10236721.806249	3
310	492.000000	-10236723.806249	1
311	494.000000	-10236723.806249	1
312	496.000000	-10236723.806249	1
313	498.000000	-10236723.806249	1
314	500.000000	-10236722.806249	2
315	502.000000	-10236723.806249	1
316	504.000000	-10236717.806250	7
317	506.000000	-10236722.806249	2
318	508.000000	-10236723.806249	1
319	510.000000	-10236723.806249	1
320	512.000000	-10236721.806249	3
321	514.000000	-10236722.806249	2
322	516.000000	-10236723.806249	1
323	518.000000	-10236723.806249	1
324	520.000000	-10236722.806249	2
325	522.000000	-10236720.806249	4
326	524.000000	-10236723.806249	1
327	526.000000	-10236723.806249	1
328	528.000000	-10236722.806249	2
329	530.000000	-10236722.806249	2
330	532.000000	-10236721.806249	3
331	534.000000	-10236722.806249	2
332	536.000000	-10236723.806249	1
333	538.000000	-10236723.806249	1
334	540.000000	-10236722.806249	2
335	542.000000	-10236723.806249	1
336	544.000000	-10236722.806249	2
337	546.000000	-10236721.806249	3
338	548.000000	-10236721.806249	3
339	550.000000	-10236723.806249	1
340	552.000000	-10236722.806249	2
341	554.000000	-10236723.806249	1
342	556.000000	-10236722.806249	2
343	558.000000	-10236722.806249	2
344	560.000000	-10236723.806249	1
345	562.000000	-10236722.806249	2
346	564.000000	-10236721.806249	3
347	566.000000	-10236723.806249	1
348	568.000000	-10236720.806249	4
349	570.000000	-10236723.806249	1
350	572.000000	-10236723.806249	1
351	574.000000	-10236723.806249	1
352	576.000000	-10236723.806249	1
353	578.000000	-10236723.806249	1
354	580.000000	-10236719.806250	5
355	582.000000	-10236723.806249	1
356	584.000000	-10236722.806249	2
357	586.000000	-10236723.806249	1
358	588.000000	-10236721.806249	3
359	590.000000	-10236721.806249	3
360	592.000000	-10236722.806249	2
361	594.000000	-10236723.806249	1
362	596.000000	-10236723.806249	1
363	598.000000	-10236723.806249	1
364	600.000000	-10236721.806249	3
365	602.000000	-10236722.806249	2
366	604.000000	-10236723.806249	1
367	606.000000	-10236720.806249	4
368	608.000000	-10236721.806249	3
369	610.000000	-10236720.806249	4
370	612.000000	-10236722.806249	2
371	614.000000	-10236721.806249	3
372	616.000000	-10236722.806249	2
373	618.000000	-10236721.806249	3
374	620.000000	-10236710.806250	14
375	622.000000	-10236722.806249	2
376	624.000000	-10236723.806249	1
377	626.000000	-10236723.806249	1
378	628.000000	-10236722.806249	2
379	630.000000	-10236722.806249	2
380	632.000000	-10236723.806249	1
381	634.000000	-10236723.806249	1
382	636.000000	-10236720.806249	4
383	638.000000	-10236718.806250	6
384	640.000000	-10236723.806249	1
385	642.000000	-10236723.806249	1
386	644.000000	-10236720.806249	4
387	646.000000	-10236723.806249	1
388	648.000000	-10236720.806249	4
389	650.000000	-10236722.806249	2
390	652.000000	-10236721.806249	3
391	654.000000	-10236720.806249	4
392	656.000000	-10236722.806249	2
393	658.000000	-10236722.806249	2
394	660.000000	-10236722.806249	2
395	662.000000	-10236723.806249	1
396	664.000000	-10236721.806249	3
397	666.000000	-10236721.806249	3
398	668.000000	-10236716.806250	8
399	670.000000	-10236723.806249	1
400	672.000000	-10236723.806249	1
401	674.000000	-10236719.806250	5
402	676.000000	-10236722.806249	2
403	678.000000	-10236717.806250	7
404	680.000000	-10236723.806249	1
405	682.000000	-10236722.806249	2
406	684.000000	-10236721.806249	3
407	686.000000	-10236723.806249	1
408	688.000000	-10236719.806250	5
409	690.000000	-10236722.806249	2
410	692.000000	-10236723.806249	1
411	694.000000	-10236721.806249	3
412	696.000000	-10236719.806250	5
413	698.000000	-10236723.806249	1
414	700.000000	-10236722.806249	2
415	702.000000	-10236723.806249	1
416	704.000000	-10236723.806249	1
417	706.000000	-10236721.806249	3
418	708.000000	-10236721.806249	3
419	710.000000	-10236723.806249	1
420	712.000000	-10236720.806249	4
421	714.000000	-10236723.806249	1
422	716.000000	-10236723.806249	1
423	718.000000	-10236723.806249	1
424	720.000000	-10236721.806249	3
425	722.000000	-10236717.806250	7
426	724.000000	-10236719.806250	5
427	726.000000	-10236723.806249	1
428	728.000000	-10236722.806249	2
429	730.000000	-10236719.806250	5
430	732.000000	-10236721.806249	3
431	734.000000	-10236722.806249	2
432	736.000000	-10236723.806249	1
433	738.000000	-10236722.806249	2
434	740.000000	-10236723.806249	1
435	742.000000	-10236720.806249	4
436	744.000000	-10236723.806249	1
437	746.000000	-10236723.806249	1
438	748.000000	-10236718.806250	6
439	750.000000	-10236723.806249	1
440	752.000000	-10236723.806249	1
441	754.000000	-10236718.806250	6
442	756.000000	-10236721.806249	3
443	758.000000	-10236723.806249	1
444	760.000000	-10236723.806249	1
445	762.000000	-10236722.806249	2
446	764.000000	-10236723.806249	1
447	766.000000	-10236719.806250	5
448	768.000000	-10236720.806249	4
449	770.000000	-10236723.806249	1
450	772.000000	-10236721.806249	3
451	774.000000	-10236723.806249	1
452	776.000000	-10236723.806249	1
453	778.000000	-10236723.806249	1
454	780.000000	-10236720.806249	4
455	782.000000	-10236723.806249	1
456	784.000000	-10236723.806249	1
457	786.000000	-10236723.806249	1
458	788.000000	-10236721.806249	3
459	790.000000	-10236722.806249	2
460	792.000000	-10236722.806249	2
461	794.000000	-10236720.806249	4
462	796.000000	-10236722.806249	2
463	798.000000	-10236717.806250	7
464	800.000000	-10236718.806250	6
465	802.000000	-10236722.806249	2
466	804.000000	-10236720.806249	4
467	806.000000	-10236722.806249	2
468	808.000000	-10236720.806249	4
469	810.000000	-10236723.806249	1
470	812.000000	-10236722.806249	2
471	814.000000	-10236723.806249	1
472	816.000000	-10236723.806249	1
473	818.000000	-10236722.806249	2
474	820.000000	-10236721.806249	3
475	822.000000	-10236723.806249	1
476	824.000000	-10236722.806249	2
477	826.000000	-10236721.806249	3
478	828.000000	-10236722.806249	2
479	830.000000	-10236720.806249	4
480	832.000000	-10236722.806249	2
481	834.000000	-10236721.806249	3
482	836.000000	-10236723.806249	1
483	838.000000	-10236722.806249	2
484	840.000000	-10236723.806249	1
485	842.000000	-10236723.806249	1
486	844.000000	-10236722.806249	2
487	846.000000	-10236721.806249	3
488	848.000000	-10236721.806249	3
489	850.000000	-10236721.806249	3
490	852.000000	-10236723.806249	1
491	854.000000	-10236723.806249	1
492	856.000000	-10236717.806250	7
493	858.000000	-10236722.806249	2
494	860.000000	-10236722.806249	2
495	862.000000	-10236723.806249	1
496	864.000000	-10236723.806249	1
497	866.000000	-10236721.806249	3
498	868.000000	-10236723.806249	1
499	870.000000	-10236722.806249	2
500	872.000000	-10236723.806249	1
501	874.000000	-10236721.806249	3
502	876.000000	-10236721.806249	3
503	878.000000	-10236722.806249	2
504	880.000000	-10236723.806249	1
505	882.000000	-10236720.806249	4
506	884.000000	-10236722.806249	2
507	886.000000	-10236722.806249	2
508	888.000000	-10236723.806249	1
509	890.000000	-10236722.806249	2
510	892.000000	-10236722.806249	2
511	894.000000	-10236720.806249	4
512	896.000000	-10236723.806249	1
513	898.000000	-10236720.806249	4
514	900.000000	-10236718.806250	6
515	902.000000	-10236723.806249	1
516	904.000000	-10236723.806249	1
517	906.000000	-10236721.806249	3
518	908.000000	-10236723.806249	1
519	910.000000	-10236721.806249	3
520	912.000000	-10236723.806249	1
521	914.000000	-10236723.806249	1
522	916.000000	-10236723.806249	1
523	918.000000	-10236722.806249	2
524	920.000000	-10236723.806249	1
525	922.000000	-10236723.806249	1
526	924.000000	-10236721.806249	3
527	926.000000	-10236722.806249	2
528	928.000000	-10236721.806249	3
529	930.000000	-10236722.806249	2
530	932.000000	-10236721.806249	3
531	934.000000	-10236722.806249	2
532	936.000000	-10236719.806250	5
533	938.000000	-10236723.806249	1
534	940.000000	-10236723.806249	1
535	942.000000	-10236720.806249	4
536	944.000000	-10236723.806249	1
537	946.000000	-10236723.806249	1
538	948.000000	-10236722.806249	2
539	950.000000	-10236723.806249	1
540	952.000000	-10236723.806249	1
541	954.000000	-10236717.806250	7
542	956.000000	-10236723.806249	1
543	958.000000	-10236723.806249	1
544	960.000000	-10236723.806249	1
545	962.000000	-10236723.806249	1
546	964.000000	-10236723.806249	1
547	966.000000	-10236719.806250	5
548	968.000000	-10236722.806249	2
549	970.000000	-10236723.806249	1
550	972.000000	-10236722.806249	2
551	974.000000	-10236719.806250	5
552	976.000000	-10236723.806249	1
553	978.000000	-10236723.806249	1
554	980.000000	-10236723.806249	1
555	982.000000	-10236722.806249	2
556	984.000000	-10236723.806249	1
557	986.000000	-10236722.806249	2
558	988.000000	-10236722.806249	2
559	990.000000	-10236722.806249	2
560	992.000000	-10236723.806249	1
561	994.000000	-10236718.806250	6
562	996.000000	-10236722.806249	2
563	998.000000	-10236719.806250	5
564	1000.000000	-10236723.806249	1
565	1002.000000	-10236722.806249	2
566	1004.000000	-10236723.806249	1
567	1006.000000	-10236723.806249	1
568	1008.000000	-10236722.806249	2
569	1010.000000	-10236717.806250	7
570	1012.000000	-10236723.806249	1
571	1014.000000	-10236723.806249	1
572	1016.000000	-10236723.806249	1
573	1018.000000	-10236721.806249	3
574	1020.000000	-10236723.806249	1
575	1022.000000	-10236723.806249	1
576	1024.000000	-10236722.806249	2
577	1026.000000	-10236722.806249	2
578	1028.000000	-10236722.806249	2
579	1030.000000	-10236722.806249	2
580	1032.000000	-10236721.806249	3
581	1034.000000	-10236723.806249	1
582	1036.000000	-10236722.806249	2
583	1038.000000	-10236722.806249	2
584	1040.000000	-10236723.806249	1
585	1042.000000	-10236722.806249	2
586	1044.000000	-10236720.806249	4
587	1046.000000	-10236718.806250	6
588	1048.000000	-10236723.806249	1
589	1050.000000	-10236721.806249	3
590	1052.000000	-10236723.806249	1
591	1054.000000	-10236720.806249	4
592	1056.000000	-10236720.806249	4
593	1058.000000	-10236722.806249	2
594	1060.000000	-10236723.806249	1
595	1062.000000	-10236723.806249	1
596	1064.000000	-10236722.806249	2
597	1066.000000	-10236723.806249	1
598	1068.000000	-10236721.806249	3
599	1070.000000	-10236720.806249	4
600	1072.000000	-10236722.806249	2
601	1074.000000	-10236722.806249	2
602	1076.000000	-10236722.806249	2
603	1078.000000	-10236721.806249	3
604	1080.000000	-10236721.806249	3
605	1082.000000	-10236723.806249	1
606	1084.000000	-10236722.806249	2
607	1086.000000	-10236722.806249	2
608	1088.000000	-10236723.806249	1
609	1090.000000	-10236723.806249	1
610	1092.000000	-10236723.806249	1
611	1094.000000	-10236722.806249	2
612	1096.000000	-10236722.806249	2
613	1098.000000	-10236723.806249	1
614	1100.000000	-10236723.806249	1
615	1102.000000	-10236721.806249	3
616	1104.000000	-10236722.806249	2
617	1106.000000	-10236716.806250	8
618	1108.000000	-10236722.806249	2
619	1110.000000	-10236723.806249	1
620	1112.000000	-10236722.806249	2
621	1114.000000	-10236721.806249	3
622	1116.000000	-10236723.806249	1
623	1118.000000	-10236723.806249	1
624	1120.000000	-10236722.806249	2
625	1122.000000	-10236723.806249	1
626	1124.000000	-10236721.806249	3
627	1126.000000	-10236723.806249	1
628	1128.000000	-10236722.806249	2
629	1130.000000	-10236720.806249	4
630	1132.000000	-10236720.806249	4
631	1134.000000	-10236722.806249	2
632	1136.000000	-10236723.806249	1
633	1138.000000	-10236723.806249	1
634	1140.000000	-10236721.806249	3
635	1142.000000	-10236722.806249	2
636	1144.000000	-10236723.806249	1
637	1146.000000	-10236718.806250	6
638	1148.000000	-10236722.806249	2
639	1150.000000	-10236723.806249	1
640	1152.000000	-10236722.806249	2
641	1154.000000	-10236723.806249	1
642	1156.000000	-10236721.806249	3
643	1158.000000	-10236721.806249	3
644	1160.000000	-10236723.806249	1
645	1162.000000	-10236722.806249	2
646	1164.000000	-10236720.806249	4
647	1166.000000	-10236722.806249	2
648	1168.000000	-10236723.806249	1
649	1170.000000	-10236722.806249	2
650	1172.000000	-10236719.806250	5
651	1174.000000	-10236722.806249	2
652	1176.000000	-10236723.806249	1
653	1178.000000	-10236721.806249	3
654	1180.000000	-10236722.806249	2
655	1182.000000	-10236722.806249	2
656	1184.000000	-10236723.806249	1
657	1186.000000	-10236721.806249	3
658	1188.000000	-10236722.806249	2
659	1190.000000	-10236723.806249	1
660	1192.000000	-10236723.806249	1
661	1194.000000	-10236722.806249	2
662	1196.000000	-10236721.806249	3
663	1198.000000	-10236723.806249	1
664	1200.000000	-10236722.806249	2
665	1202.000000	-10236722.806249	2
666	1204.000000	-10236721.806249	3
667	1206.000000	-10236721.806249	3
668	1208.000000	-10236723.806249	1
669	1210.000000	-10236723.806249	1
670	1212.000000	-10236721.806249	3
671	1214.000000	-10236723.806249	1
672	1216.000000	-10236722.806249	2
673	1218.000000	-10236721.806249	3
674	1220.000000	-10236723.806249	1
675	1222.000000	-10236723.806249	1
676	1224.000000	-10236721.806249	3
677	1226.000000	-10236722.806249	2
678	1228.000000	-10236721.806249	3
679	1230.000000	-10236720.806249	4
680	1232.000000	-10236721.806249	3
681	1234.000000	-10236723.806249	1
682	1236.000000	-10236721.806249	3
683	1238.000000	-10236722.806249	2
684	1240.000000	-10236722.806249	2
685	1242.000000	-10236723.806249	1
686	1244.000000	-10236723.806249	1
687	1246.000000	-10236720.806249	4
688	1248.000000	-10236722.806249	2
689	1250.000000	-10236723.806249	1
690	1252.000000	-10236723.806249	1
691	1254.000000	-10236719.806250	5
692	1256.000000	-10236721.806249	3
693	1258.000000	-10236722.806249	2
694	1260.000000	-10236722.806249	2
695	1262.000000	-10236722.806249	2
696	1264.000000	-10236723.806249	1
697	1266.000000	-10236722.806249	2
698	1268.000000	-10236723.806249	1
699	1270.000000	-10236720.806249	4
700	1272.000000	-10236723.806249	1
701	1274.000000	-10236720.806249	4
702	1276.000000	-10236719.806250	5
703	1278.000000	-10236719.806250	5
704	1280.000000	-10236722.806249	2
705	1282.000000	-10236721.806249	3
706	1284.000000	-10236721.806249	3
707	1286.000000	-10236722.806249	2
708	1288.000000	-10236723.806249	1
709	1290.000000	-10236718.806250	6
710	1292.000000	-10236722.806249	2
711	1294.000000	-10236721.806249	3
712	1296.000000	-10236720.806249	4
713	1298.000000	-10236721.806249	3
714	1300.000000	-10236719.806250	5
715	1302.000000	-10236721.806249	3
716	1304.000000	-10236722.806249	2
717	1306.000000	-10236721.806249	3
718	1308.000000	-10236720.806249	4
719	1310.000000	-10236722.806249	2
720	1312.000000	-10236722.806249	2
721	1314.000000	-10236722.806249	2
722	1316.000000	-10236721.806249	3
723	1318.000000	-10236723.806249	1
724	1320.000000	-10236723.806249	1
725	1322.000000	-10236723.806249	1
726	1324.000000	-10236717.806250	7
727	1326.000000	-10236722.806249	2
728	1328.000000	-10236723.806249	1
729	1330.000000	-10236722.806249	2
730	1332.000000	-10236721.806249	3
731	1334.000000	-10236721.806249	3
732	1336.000000	-10236723.806249	1
733	1338.000000	-10236720.806249	4
734	1340.000000	-10236723.806249	1
735	1342.000000	-10236720.806249	4
736	1344.000000	-10236717.806250	7
737	1346.000000	-10236719.806250	5
738	1348.000000	-10236715.806250	9
739	1350.000000	-10236723.806249	1
740	1352.000000	-10236720.806249	4
741	1354.000000	-10236721.806249	3
742	1356.000000	-10236723.806249	1
743	1358.000000	-10236723.806249	1
744	1360.000000	-10236719.806250	5
745	1362.000000	-10236721.806249	3
746	1364.000000	-10236722.806249	2
747	1366.000000	-10236723.806249	1
748	1368.000000	-10236720.806249	4
749	1370.000000	-10236717.806250	7
750	1372.000000	-10236718.806250	6
751	1374.000000	-10236720.806249	4
752	1376.000000	-10236717.806250	7
753	1378.000000	-10236720.806249	4
754	1380.000000	-10236722.806249	2
755	1382.000000	-10236723.806249	1
756	1384.000000	-10236722.806249	2
757	1386.000000	-10236723.806249	1
758	1388.000000	-10236722.806249	2
759	1390.000000	-10236721.806249	3
760	1392.000000	-10236721.806249	3
761	1394.000000	-10236721.806249	3
762	1396.000000	-10236720.806249	4
763	1398.000000	-10236719.806250	5
764	1400.000000	-10236718.806250	6
765	1402.000000	-10236723.806249	1
766	1404.000000	-10236721.806249	3
767	1406.000000	-10236721.806249	3
768	1408.000000	-10236723.806249	1
769	1410.000000	-10236722.806249	2
770	1412.000000	-10236722.806249	2
771	1414.000000	-10236720.806249	4
772	1416.000000	-10236716.806250	8
773	1418.000000	-10236722.806249	2
774	1420.000000	-10236720.806249	4
775	1422.000000	-10236722.806249	2
776	1424.000000	-10236722.806249	2
777	1426.000000	-10236722.806249	2
778	1428.000000	-10236721.806249	3
779	1430.000000	-10236722.806249	2
780	1432.000000	-10236722.806249	2
781	1434.000000	-10236721.806249	3
782	1436.000000	-10236721.806249	3
783	1438.000000	-10236722.806249	2
784	1440.000000	-10236723.806249	1
785	1442.000000	-10236722.806249	2
786	1444.000000	-10236723.806249	1
787	1446.000000	-10236723.806249	1
788	1448.000000	-10236723.806249	1
789	1450.000000	-10236722.806249	2
790	1452.000000	-10236723.806249	1
791	1454.000000	-10236720.806249	4
792	1456.000000	-10236722.806249	2
793	1458.000000	-10236723.806249	1
794	1460.000000	-10236722.806249	2
795	1462.000000	-10236722.806249	2
796	1464.000000	-10236722.806249	2
797	1466.000000	-10236722.806249	2
798	1468.000000	-10236723.806249	1
799	1470.000000	-10236723.806249	1
800	1472.000000	-10236721.806249	3
801	1474.000000	-10236721.806249	3
802	1476.000000	-10236722.806249	2
803	1478.000000	-10236723.806249	1
804	1480.000000	-10236722.806249	2
805	1482.000000	-10236721.806249	3
806	1484.000000	-10236723.806249	1
807	1486.000000	-10236721.806249	3
808	1488.000000	-10236722.806249	2
809	1490.000000	-10236720.806249	4
810	1492.000000	-10236723.806249	1
811	1494.000000	-10236722.806249	2
812	1496.000000	-10236721.806249	3
813	1498.000000	-10236720.806249	4
814	1500.000000	-10236722.806249	2
815	1502.000000	-10236723.806249	1
816	1504.000000	-10236723.806249	1
817	1506.000000	-10236722.806249	2
818	1508.000000	-10236720.806249	4
819	1510.000000	-10236723.806249	1
820	1512.000000	-10236722.806249	2
821	1514.000000	-10236723.806249	1
822	1516.000000	-10236723.806249	1
823	1518.000000	-10236723.806249	1
824	1520.000000	-10236721.806249	3
825	1522.000000	-10236723.806249	1
826	1524.000000	-10236720.806249	4
827	1526.000000	-10236722.806249	2
828	1528.000000	-10236722.806249	2
829	1530.000000	-10236723.806249	1
830	1532.000000	-10236720.806249	4
831	1534.000000	-10236717.806250	7
832	1536.000000	-10236721.806249	3
833	1538.000000	-10236717.806250	7
834	1540.000000	-10236719.806250	5
835	1542.000000	-10236721.806249	3
836	1544.000000	-10236723.806249	1
837	1546.000000	-10236722.806249	2
838	1548.000000	-10236718.806250	6
839	1550.000000	-10236723.806249	1
840	1552.000000	-10236720.806249	4
841	1554.000000	-10236715.806250	9
842	1556.000000	-10236720.806249	4
843	1558.000000	-10236722.806249	2
844	1560.000000	-10236722.806249	2
845	1562.000000	-10236719.806250	5
846	1564.000000	-10236723.806249	1
847	1566.000000	-10236720.806249	4
848	1568.000000	-10236717.806250	7
849	1570.000000	-10236719.806250	5
850	1572.000000	-10236720.806249	4
851	1574.000000	-10236722.806249	2
852	1576.000000	-10236718.806250	6
853	1578.000000	-10236723.806249	1
854	1580.000000	-10236721.806249	3
855	1582.000000	-10236721.806249	3
856	1584.000000	-10236722.806249	2
857	1586.000000	-10236720.806249	4
858	1588.000000	-10236723.806249	1
859	1590.000000	-10236721.806249	3
860	1592.000000	-10236718.806250	6
861	1594.000000	-10236723.806249	1
862	1596.000000	-10236722.806249	2
863	1598.000000	-10236716.806250	8
864	1600.000000	-10236722.806249	2
865	1602.000000	-10236722.806249	2
866	1604.000000	-10236723.806249	1
867	1606.000000	-10236716.806250	8
868	1608.000000	-10236717.806250	7
869	1610.000000	-10236721.806249	3
870	1612.000000	-10236722.806249	2
871	1614.000000	-10236721.806249	3
872	1616.000000	-10236719.806250	5
873	1618.000000	-10236721.806249	3
874	1620.000000	-10236723.806249	1
875	1622.000000	-10236722.806249	2
876	1624.000000	-10236722.806249	2
877	1626.000000	-10236720.806249	4
878	1628.000000	-10236722.806249	2
879	1630.000000	-10236721.806249	3
880	1632.000000	-10236723.806249	1
881	1634.000000	-10236722.806249	2
882	1636.000000	-10236720.806249	4
883	1638.000000	-10236718.806250	6
884	1640.000000	-10236722.806249	2
885	1642.000000	-10236722.806249	2
886	1644.000000	-10236722.806249	2
887	1646.000000	-10236723.806249	1
888	1648.000000	-10236723.806249	1
889	1650.000000	-10236721.806249	3
890	1652.000000	-10236718.806250	6
891	1654.000000	-10236722.806249	2
892	1656.000000	-10236720.806249	4
893	1658.000000	-10236722.806249	2
894	1660.000000	-10236723.806249	1
895	1662.000000	-10236717.806250	7
896	1664.000000	-10236722.806249	2
897	1666.000000	-10236720.806249	4
898	1668.000000	-10236721.806249	3
899	1670.000000	-10236720.806249	4
900	1672.000000	-10236721.806249	3
901	1674.000000	-10236720.806249	4
902	1676.000000	-10236714.806250	10
903	1678.000000	-10236719.806250	5
904	1680.000000	-10236719.806250	5
905	1682.000000	-10236722.806249	2
906	1684.000000	-10236721.806249	3
907	1686.000000	-10236723.806249	1
908	1688.000000	-10236722.806249	2
909	1690.000000	-10236719.806250	5
910	1692.000000	-10236722.806249	2
911	1694.000000	-10236721.806249	3
912	1696.000000	-10236722.806249	2
913	1698.000000	-10236721.806249	3
914	1700.000000	-10236719.806250	5
915	1702.000000	-10236718.806250	6
916	1704.000000	-10236720.806249	4
917	1706.000000	-10236723.806249	1
918	1708.000000	-10236722.806249	2
919	1710.000000	-10236721.806249	3
920	1712.000000	-10236722.806249	2
921	1714.000000	-10236722.806249	2
922	1716.000000	-10236722.806249	2
923	1718.000000	-10236720.806249	4
924	1720.000000	-10236722.806249	2
925	1722.000000	-10236722.806249	2
926	1724.000000	-10236721.806249	3
927	1726.000000	-10236722.806249	2
928	1728.000000	-10236720.806249	4
929	1730.000000	-10236721.806249	3
930	1732.000000	-10236722.806249	2
931	1734.000000	-10236722.806249	2
932	1736.000000	-10236722.806249	2
933	1738.000000	-10236722.806249	2
934	1740.000000	-10236712.806250	12
935	1742.000000	-10236711.806250	13
936	1744.000000	-10236715.806250	9
937	1746.000000	-10236715.806250	9
938	1748.000000	-10236717.806250	7
939	1750.000000	-10236721.806249	3
940	1752.000000	-10236721.806249	3
941	1754.000000	-10236718.806250	6
942	1756.000000	-10236720.806249	4
943	1758.000000	-10236719.806250	5
944	1760.000000	-10236722.806249	2
945	1762.000000	-10236721.806249	3
946	1764.000000	-10236718.806250	6
947	1766.000000	-10236713.806250	11
948	1768.000000	-10236720.806249	4
949	1770.000000	-10236721.806249	3
950	1772.000000	-10236720.806249	4
951	1774.000000	-10236718.806250	6
952	1776.000000	-10236720.806249	4
953	1778.000000	-10236720.806249	4
954	1780.000000	-10236720.806249	4
955	1782.000000	-10236723.806249	1
956	1784.000000	-10236721.806249	3
957	1786.000000	-10236718.806250	6
958	1788.000000	-10236719.806250	5
959	1790.000000	-10236719.806250	5
960	1792.000000	-10236718.806250	6
961	1794.000000	-10236719.806250	5
962	1796.000000	-10236718.806250	6
963	1798.000000	-10236721.806249	3
964	1800.000000	-10236721.806249	3
965	1802.000000	-10236722.806249	2
966	1804.000000	-10236716.806250	8
967	1806.000000	-10236717.806250	7
968	1808.000000	-10236721.806249	3
969	1810.000000	-10236719.806250	5
970	1812.000000	-10236723.806249	1
971	1814.000000	-10236723.806249	1
972	1816.000000	-10236723.806249	1
973	1818.000000	-10236715.806250	9
974	1820.000000	-10236717.806250	7
975	1822.000000	-10236714.806250	10
976	1824.000000	-10236710.806250	14
977	1826.000000	-10236711.806250	13
978	1828.000000	-10236716.806250	8
979	1830.000000	-10236710.806250	14
980	1832.000000	-10236712.806250	12
981	1834.000000	-10236709.806250	15
982	1836.000000	-10236710.806250	14
983	1838.000000	-10236711.806250	13
984	1840.000000	-10236711.806250	13
985	1842.000000	-10236713.806250	11
986	1844.000000	-10236713.806250	11
987	1846.000000	-10236714.806250	10
988	1848.000000	-10236716.806250	8
989	1850.000000	-10236713.806250	11
990	1852.000000	-10236715.806250	9
991	1854.000000	-10236712.806250	12
992	1856.000000	-10236713.806250	11
993	1858.000000	-10236717.806250	7
994	1860.000000	-10236720.806249	4
995	1862.000000	-10236720.806249	4
996	1864.000000	-10236712.806250	12
997	1866.000000	-10236712.806250	12
998	1868.000000	-10236711.806250	13
999	1870.000000	-10236713.806250	11
1000	1872.000000	-10236713.806250	11
1001	1874.000000	-10236709.806250	15
1002	1876.000000	-10236706.806250	18
1003	1878.000000	-10236710.806250	14
1004	1880.000000	-10236703.806250	21
1005	1882.000000	-10236706.806250	18
1006	1884.000000	-10236708.806250	16
1007	1886.000000	-10236704.806250	20
1008	1888.000000	-10236699.806250	25
1009	1890.000000	-10236701.806250	23
1010	1892.000000	-10236701.806250	23
1011	1894.000000	-10236705.806250	19
1012	1896.000000	-10236706.806250	18
1013	1898.000000	-10236704.806250	20
1014	1900.000000	-10236704.806250	20
1015	1902.000000	-10236696.806250	28
1016	1904.000000	-10236698.806250	26
1017	1906.000000	-10236696.806250	28
1018	1908.000000	-10236697.806250	27
1019	1910.000000	-10236700.806250	24
1020	1912.000000	-10236698.806250	26
1021	1914.000000	-10236693.806250	31
1022	1916.000000	-10236694.806250	30
1023	1918.000000	-10236695.806250	29
