T	Ut	Ft	St	Ct
0.0100	-nan	-inf	-nan	-nan
0.0200	-2.0000	-2.0000	0.0000	0.0000
0.0300	-2.0000	-2.0000	0.0000	0.0000
0.0400	-2.0000	-2.0000	0.0000	0.0000
0.0500	-2.0000	-2.0000	0.0000	0.0000
0.0600	-2.0000	-2.0000	0.0000	0.0000
0.0700	-2.0000	-2.0000	0.0000	0.0000
0.0800	-2.0000	-2.0000	0.0000	0.0000
0.0900	-2.0000	-2.0000	0.0000	0.0000
0.1000	-2.0000	-2.0000	0.0000	0.0000
0.1100	-2.0000	-2.0000	0.0000	0.0000
0.1200	-2.0000	-2.0000	0.0000	0.0000
0.1300	-2.0000	-2.0000	0.0000	0.0000
0.1400	-2.0000	-2.0000	0.0000	0.0000
0.1500	-2.0000	-2.0000	-0.0000	0.0000
0.1600	-2.0000	-2.0000	0.0000	0.0000
0.1700	-2.0000	-2.0000	0.0000	0.0000
0.1800	-2.0000	-2.0000	-0.0000	0.0000
0.1900	-2.0000	-2.0000	0.0000	0.0000
0.2000	-2.0000	-2.0000	0.0000	0.0000
0.2100	-2.0000	-2.0000	0.0000	0.0000
0.2200	-2.0000	-2.0000	0.0000	0.0000
0.2300	-2.0000	-2.0000	0.0000	0.0000
0.2400	-2.0000	-2.0000	0.0000	0.0000
0.2500	-2.0000	-2.0000	0.0000	-0.0000
0.2600	-2.0000	-2.0000	0.0000	0.0000
0.2700	-2.0000	-2.0000	0.0000	0.0000
0.2800	-2.0000	-2.0000	0.0000	0.0000
0.2900	-2.0000	-2.0000	0.0000	0.0000
0.3000	-2.0000	-2.0000	0.0000	0.0000
0.3100	-2.0000	-2.0000	0.0000	0.0000
0.3200	-2.0000	-2.0000	0.0000	0.0000
0.3300	-2.0000	-2.0000	0.0000	0.0000
0.3400	-2.0000	-2.0000	0.0000	0.0000
0.3500	-2.0000	-2.0000	0.0000	0.0000
0.3600	-2.0000	-2.0000	0.0000	0.0000
0.3700	-2.0000	-2.0000	0.0000	0.0000
0.3800	-2.0000	-2.0000	0.0000	0.0000
0.3900	-2.0000	-2.0000	0.0000	0.0000
0.4000	-2.0000	-2.0000	0.0000	0.0000
0.4100	-2.0000	-2.0000	0.0000	0.0000
0.4200	-2.0000	-2.0000	0.0000	0.0000
0.4300	-2.0000	-2.0000	0.0000	0.0000
0.4400	-2.0000	-2.0000	0.0000	0.0000
0.4500	-2.0000	-2.0000	0.0000	0.0000
0.4600	-2.0000	-2.0000	0.0000	0.0000
0.4700	-2.0000	-2.0000	0.0000	0.0000
0.4800	-2.0000	-2.0000	0.0000	0.0000
0.4900	-2.0000	-2.0000	0.0000	0.0000
0.5000	-2.0000	-2.0000	0.0000	0.0000
0.5100	-2.0000	-2.0000	0.0000	0.0000
0.5200	-2.0000	-2.0000	0.0000	0.0000
0.5300	-2.0000	-2.0000	0.0000	0.0000
0.5400	-2.0000	-2.0000	0.0000	0.0001
0.5500	-2.0000	-2.0000	0.0000	0.0001
0.5600	-2.0000	-2.0000	0.0000	0.0001
0.5700	-2.0000	-2.0000	0.0000	0.0001
0.5800	-2.0000	-2.0000	0.0000	0.0001
0.5900	-2.0000	-2.0000	0.0000	0.0002
0.6000	-2.0000	-2.0000	0.0000	0.0002
0.6100	-2.0000	-2.0000	0.0000	0.0002
0.6200	-2.0000	-2.0000	0.0000	0.0003
0.6300	-2.0000	-2.0000	0.0000	0.0003
0.6400	-2.0000	-2.0000	0.0000	0.0004
0.6500	-2.0000	-2.0000	0.0000	0.0005
0.6600	-2.0000	-2.0000	0.0001	0.0006
0.6700	-2.0000	-2.0000	0.0001	0.0007
0.6800	-2.0000	-2.0000	0.0001	0.0008
0.6900	-1.9999	-2.0000	0.0001	0.0009
0.7000	-1.9999	-2.0000	0.0001	0.0010
0.7100	-1.9999	-2.0000	0.0001	0.0012
0.7200	-1.9999	-2.0000	0.0001	0.0013
0.7300	-1.9999	-2.0000	0.0001	0.0015
0.7400	-1.9999	-2.0000	0.0002	0.0017
0.7500	-1.9999	-2.0000	0.0002	0.0019
0.7600	-1.9998	-2.0000	0.0002	0.0022
0.7700	-1.9998	-2.0000	0.0003	0.0025
0.7800	-1.9998	-2.0000	0.0003	0.0028
0.7900	-1.9998	-2.0000	0.0003	0.0031
0.8000	-1.9997	-2.0000	0.0004	0.0035
0.8100	-1.9997	-2.0000	0.0004	0.0038
0.8200	-1.9997	-2.0000	0.0005	0.0043
0.8300	-1.9996	-2.0000	0.0005	0.0047
0.8400	-1.9996	-2.0000	0.0006	0.0053
0.8500	-1.9995	-2.0001	0.0006	0.0058
0.8600	-1.9994	-2.0001	0.0007	0.0064
0.8700	-1.9994	-2.0001	0.0008	0.0071
0.8800	-1.9993	-2.0001	0.0009	0.0078
0.8900	-1.9992	-2.0001	0.0010	0.0086
0.9000	-1.9991	-2.0001	0.0011	0.0094
0.9100	-1.9990	-2.0001	0.0012	0.0104
0.9200	-1.9989	-2.0001	0.0013	0.0114
0.9300	-1.9988	-2.0001	0.0014	0.0124
0.9400	-1.9987	-2.0001	0.0016	0.0136
0.9500	-1.9985	-2.0002	0.0017	0.0149
0.9600	-1.9984	-2.0002	0.0019	0.0162
0.9700	-1.9982	-2.0002	0.0021	0.0176
0.9800	-1.9980	-2.0002	0.0022	0.0191
0.9900	-1.9978	-2.0002	0.0024	0.0207
1.0000	-1.9976	-2.0003	0.0027	0.0224
1.0100	-1.9974	-2.0003	0.0029	0.0242
1.0200	-1.9971	-2.0003	0.0031	0.0260
1.0300	-1.9969	-2.0004	0.0034	0.0279
1.0400	-1.9966	-2.0004	0.0037	0.0299
1.0500	-1.9963	-2.0004	0.0040	0.0319
1.0600	-1.9959	-2.0005	0.0043	0.0340
1.0700	-1.9956	-2.0005	0.0046	0.0361
1.0800	-1.9952	-2.0006	0.0050	0.0383
1.0900	-1.9948	-2.0006	0.0053	0.0405
1.1000	-1.9944	-2.0007	0.0057	0.0427
1.1100	-1.9940	-2.0007	0.0061	0.0450
1.1200	-1.9935	-2.0008	0.0065	0.0473
1.1300	-1.9930	-2.0009	0.0069	0.0496
1.1400	-1.9925	-2.0009	0.0074	0.0519
1.1500	-1.9920	-2.0010	0.0079	0.0542
1.1600	-1.9914	-2.0011	0.0083	0.0564
1.1700	-1.9908	-2.0012	0.0088	0.0587
1.1800	-1.9902	-2.0013	0.0093	0.0610
1.1900	-1.9896	-2.0014	0.0099	0.0634
1.2000	-1.9890	-2.0015	0.0104	0.0659
1.2100	-1.9883	-2.0016	0.0110	0.0686
1.2200	-1.9876	-2.0017	0.0115	0.0714
1.2300	-1.9869	-2.0018	0.0121	0.0746
1.2400	-1.9861	-2.0019	0.0128	0.0781
1.2500	-1.9853	-2.0021	0.0134	0.0819
1.2600	-1.9845	-2.0022	0.0141	0.0859
1.2700	-1.9836	-2.0023	0.0148	0.0902
1.2800	-1.9827	-2.0025	0.0155	0.0946
1.2900	-1.9817	-2.0026	0.0162	0.0989
1.3000	-1.9807	-2.0028	0.0170	0.1031
1.3100	-1.9796	-2.0030	0.0178	0.1071
1.3200	-1.9786	-2.0032	0.0187	0.1108
1.3300	-1.9774	-2.0034	0.0195	0.1143
1.3400	-1.9763	-2.0036	0.0204	0.1177
1.3500	-1.9751	-2.0038	0.0213	0.1212
1.3600	-1.9738	-2.0040	0.0222	0.1250
1.3700	-1.9726	-2.0042	0.0231	0.1291
1.3800	-1.9713	-2.0045	0.0241	0.1336
1.3900	-1.9699	-2.0047	0.0250	0.1387
1.4000	-1.9685	-2.0050	0.0260	0.1440
1.4100	-1.9670	-2.0052	0.0271	0.1495
1.4200	-1.9655	-2.0055	0.0282	0.1550
1.4300	-1.9639	-2.0058	0.0293	0.1602
1.4400	-1.9623	-2.0061	0.0304	0.1650
1.4500	-1.9606	-2.0064	0.0316	0.1694
1.4600	-1.9589	-2.0067	0.0327	0.1736
1.4700	-1.9571	-2.0070	0.0339	0.1778
1.4800	-1.9553	-2.0074	0.0352	0.1824
1.4900	-1.9535	-2.0077	0.0364	0.1878
1.5000	-1.9516	-2.0081	0.0377	0.1939
1.5100	-1.9496	-2.0085	0.0390	0.2006
1.5200	-1.9476	-2.0089	0.0403	0.2076
1.5300	-1.9455	-2.0093	0.0417	0.2143
1.5400	-1.9433	-2.0097	0.0431	0.2204
1.5500	-1.9411	-2.0102	0.0446	0.2260
1.5600	-1.9388	-2.0106	0.0461	0.2314
1.5700	-1.9364	-2.0111	0.0476	0.2371
1.5800	-1.9340	-2.0116	0.0491	0.2436
1.5900	-1.9316	-2.0121	0.0506	0.2511
1.6000	-1.9290	-2.0126	0.0522	0.2597
1.6100	-1.9264	-2.0131	0.0539	0.2692
1.6200	-1.9236	-2.0137	0.0556	0.2790
1.6300	-1.9208	-2.0142	0.0573	0.2886
1.6400	-1.9178	-2.0148	0.0591	0.2974
1.6500	-1.9148	-2.0154	0.0610	0.3052
1.6600	-1.9117	-2.0160	0.0628	0.3122
1.6700	-1.9086	-2.0167	0.0647	0.3190
1.6800	-1.9054	-2.0173	0.0666	0.3262
1.6900	-1.9021	-2.0180	0.0686	0.3338
1.7000	-1.8987	-2.0187	0.0706	0.3418
1.7100	-1.8952	-2.0194	0.0726	0.3498
1.7200	-1.8917	-2.0202	0.0747	0.3578
1.7300	-1.8881	-2.0209	0.0768	0.3663
1.7400	-1.8844	-2.0217	0.0789	0.3757
1.7500	-1.8806	-2.0225	0.0811	0.3860
1.7600	-1.8766	-2.0233	0.0833	0.3971
1.7700	-1.8726	-2.0242	0.0856	0.4083
1.7800	-1.8685	-2.0250	0.0879	0.4194
1.7900	-1.8642	-2.0259	0.0903	0.4304
1.8000	-1.8599	-2.0268	0.0928	0.4415
1.8100	-1.8554	-2.0278	0.0952	0.4529
1.8200	-1.8508	-2.0287	0.0978	0.4642
1.8300	-1.8461	-2.0297	0.1003	0.4749
1.8400	-1.8413	-2.0307	0.1029	0.4849
1.8500	-1.8364	-2.0318	0.1056	0.4949
1.8600	-1.8314	-2.0329	0.1083	0.5066
1.8700	-1.8263	-2.0339	0.1111	0.5215
1.8800	-1.8210	-2.0351	0.1139	0.5392
1.8900	-1.8155	-2.0362	0.1168	0.5574
1.9000	-1.8098	-2.0374	0.1198	0.5726
1.9100	-1.8041	-2.0386	0.1228	0.5827
1.9200	-1.7982	-2.0399	0.1259	0.5888
1.9300	-1.7923	-2.0411	0.1289	0.5948
1.9400	-1.7863	-2.0424	0.1320	0.6044
1.9500	-1.7802	-2.0438	0.1352	0.6192
1.9600	-1.7739	-2.0451	0.1384	0.6380
1.9700	-1.7674	-2.0465	0.1417	0.6587
1.9800	-1.7607	-2.0480	0.1451	0.6795
1.9900	-1.7538	-2.0495	0.1486	0.6999
2.0000	-1.7467	-2.0510	0.1521	0.7197
2.0100	-1.7394	-2.0525	0.1558	0.7395
2.0200	-1.7319	-2.0541	0.1595	0.7606
2.0300	-1.7242	-2.0557	0.1633	0.7851
2.0400	-1.7162	-2.0573	0.1672	0.8134
2.0500	-1.7079	-2.0590	0.1713	0.8431
2.0600	-1.6994	-2.0608	0.1754	0.8703
2.0700	-1.6905	-2.0625	0.1797	0.8917
2.0800	-1.6815	-2.0644	0.1840	0.9076
2.0900	-1.6724	-2.0662	0.1884	0.9224
2.1000	-1.6631	-2.0681	0.1929	0.9424
2.1100	-1.6535	-2.0701	0.1974	0.9727
2.1200	-1.6436	-2.0721	0.2021	1.0142
2.1300	-1.6332	-2.0741	0.2070	1.0647
2.1400	-1.6223	-2.0762	0.2121	1.1214
2.1500	-1.6108	-2.0784	0.2175	1.1813
2.1600	-1.5986	-2.0806	0.2231	1.2391
2.1700	-1.5860	-2.0828	0.2289	1.2859
2.1800	-1.5730	-2.0851	0.2349	1.3157
2.1900	-1.5597	-2.0875	0.2410	1.3363
2.2000	-1.5462	-2.0900	0.2472	1.3682
2.2100	-1.5323	-2.0925	0.2535	1.4317
2.2200	-1.5174	-2.0950	0.2602	1.5394
2.2300	-1.5013	-2.0977	0.2674	1.6965
2.2400	-1.4834	-2.1004	0.2754	1.8890
2.2500	-1.4636	-2.1032	0.2843	2.0664
2.2600	-1.4423	-2.1061	0.2937	2.1780
2.2700	-1.4202	-2.1091	0.3035	2.2285
2.2800	-1.3978	-2.1121	0.3133	2.2431
2.2900	-1.3755	-2.1153	0.3231	2.2087
2.3000	-1.3539	-2.1186	0.3325	2.1064
2.3100	-1.3335	-2.1220	0.3413	1.9590
2.3200	-1.3147	-2.1254	0.3494	1.8025
2.3300	-1.2975	-2.1290	0.3569	1.6526
2.3400	-1.2816	-2.1326	0.3636	1.5176
2.3500	-1.2670	-2.1362	0.3699	1.4078
2.3600	-1.2534	-2.1400	0.3757	1.3259
2.3700	-1.2405	-2.1437	0.3811	1.2641
2.3800	-1.2281	-2.1476	0.3863	1.2127
2.3900	-1.2162	-2.1515	0.3913	1.1667
2.4000	-1.2047	-2.1554	0.3961	1.1250
2.4100	-1.1937	-2.1594	0.4007	1.0870
2.4200	-1.1830	-2.1634	0.4051	1.0508
2.4300	-1.1727	-2.1675	0.4094	1.0153
2.4400	-1.1627	-2.1716	0.4135	0.9816
2.4500	-1.1530	-2.1758	0.4175	0.9528
2.4600	-1.1436	-2.1800	0.4213	0.9312
2.4700	-1.1344	-2.1842	0.4250	0.9166
2.4800	-1.1252	-2.1885	0.4287	0.9068
2.4900	-1.1162	-2.1928	0.4323	0.8980
2.5000	-1.1073	-2.1971	0.4359	0.8863
2.5100	-1.0985	-2.2015	0.4394	0.8690
2.5200	-1.0899	-2.2059	0.4428	0.8462
2.5300	-1.0816	-2.2103	0.4461	0.8200
2.5400	-1.0735	-2.2148	0.4493	0.7941
2.5500	-1.0657	-2.2193	0.4524	0.7717
2.5600	-1.0581	-2.2239	0.4554	0.7542
2.5700	-1.0506	-2.2284	0.4583	0.7409
2.5800	-1.0432	-2.2330	0.4612	0.7301
2.5900	-1.0360	-2.2377	0.4640	0.7194
2.6000	-1.0289	-2.2423	0.4667	0.7075
2.6100	-1.0219	-2.2470	0.4694	0.6941
2.6200	-1.0150	-2.2517	0.4720	0.6800
2.6300	-1.0083	-2.2564	0.4746	0.6662
2.6400	-1.0017	-2.2612	0.4771	0.6537
2.6500	-0.9952	-2.2660	0.4795	0.6430
2.6600	-0.9888	-2.2708	0.4819	0.6339
2.6700	-0.9825	-2.2756	0.4843	0.6257
2.6800	-0.9763	-2.2805	0.4866	0.6178
2.6900	-0.9701	-2.2853	0.4889	0.6095
2.7000	-0.9641	-2.2902	0.4912	0.6006
2.7100	-0.9581	-2.2952	0.4934	0.5913
2.7200	-0.9523	-2.3001	0.4955	0.5821
2.7300	-0.9465	-2.3051	0.4977	0.5734
2.7400	-0.9408	-2.3101	0.4997	0.5655
2.7500	-0.9352	-2.3151	0.5018	0.5582
2.7600	-0.9296	-2.3201	0.5038	0.5512
2.7700	-0.9242	-2.3251	0.5058	0.5440
2.7800	-0.9187	-2.3302	0.5077	0.5363
2.7900	-0.9134	-2.3353	0.5096	0.5281
2.8000	-0.9082	-2.3404	0.5115	0.5196
2.8100	-0.9030	-2.3455	0.5133	0.5110
2.8200	-0.8980	-2.3507	0.5151	0.5028
2.8300	-0.8930	-2.3558	0.5169	0.4949
2.8400	-0.8881	-2.3610	0.5186	0.4875
2.8500	-0.8832	-2.3662	0.5203	0.4805
2.8600	-0.8785	-2.3714	0.5220	0.4739
2.8700	-0.8737	-2.3766	0.5237	0.4676
2.8800	-0.8691	-2.3819	0.5253	0.4615
2.8900	-0.8645	-2.3872	0.5269	0.4557
2.9000	-0.8600	-2.3924	0.5284	0.4502
2.9100	-0.8555	-2.3977	0.5300	0.4449
2.9200	-0.8511	-2.4030	0.5315	0.4398
2.9300	-0.8467	-2.4083	0.5330	0.4348
2.9400	-0.8424	-2.4137	0.5345	0.4297
2.9500	-0.8381	-2.4190	0.5359	0.4246
2.9600	-0.8339	-2.4244	0.5373	0.4193
2.9700	-0.8297	-2.4298	0.5387	0.4140
2.9800	-0.8256	-2.4352	0.5401	0.4086
2.9900	-0.8216	-2.4406	0.5415	0.4034
3.0000	-0.8176	-2.4460	0.5428	0.3985
3.0100	-0.8136	-2.4514	0.5441	0.3939
3.0200	-0.8097	-2.4569	0.5454	0.3898
3.0300	-0.8058	-2.4624	0.5467	0.3861
3.0400	-0.8020	-2.4678	0.5480	0.3827
3.0500	-0.7981	-2.4733	0.5492	0.3796
3.0600	-0.7944	-2.4788	0.5505	0.3766
3.0700	-0.7906	-2.4843	0.5517	0.3736
3.0800	-0.7869	-2.4898	0.5529	0.3704
3.0900	-0.7832	-2.4954	0.5541	0.3669
3.1000	-0.7796	-2.5009	0.5553	0.3630
3.1100	-0.7759	-2.5065	0.5564	0.3588
3.1200	-0.7724	-2.5121	0.5576	0.3542
3.1300	-0.7689	-2.5176	0.5587	0.3495
3.1400	-0.7654	-2.5232	0.5598	0.3446
3.1500	-0.7620	-2.5288	0.5609	0.3397
3.1600	-0.7586	-2.5344	0.5620	0.3351
3.1700	-0.7553	-2.5401	0.5630	0.3307
3.1800	-0.7520	-2.5457	0.5641	0.3266
3.1900	-0.7487	-2.5514	0.5651	0.3230
3.2000	-0.7455	-2.5570	0.5661	0.3197
3.2100	-0.7423	-2.5627	0.5671	0.3169
3.2200	-0.7392	-2.5684	0.5681	0.3144
3.2300	-0.7360	-2.5740	0.5690	0.3122
3.2400	-0.7329	-2.5797	0.5700	0.3101
3.2500	-0.7298	-2.5854	0.5710	0.3082
3.2600	-0.7268	-2.5912	0.5719	0.3062
3.2700	-0.7237	-2.5969	0.5728	0.3043
3.2800	-0.7207	-2.6026	0.5738	0.3023
3.2900	-0.7177	-2.6083	0.5747	0.3001
3.3000	-0.7147	-2.6141	0.5756	0.2979
3.3100	-0.7117	-2.6199	0.5765	0.2955
3.3200	-0.7088	-2.6256	0.5774	0.2930
3.3300	-0.7059	-2.6314	0.5782	0.2904
3.3400	-0.7030	-2.6372	0.5791	0.2877
3.3500	-0.7001	-2.6430	0.5800	0.2849
3.3600	-0.6973	-2.6488	0.5808	0.2822
3.3700	-0.6945	-2.6546	0.5816	0.2793
3.3800	-0.6917	-2.6604	0.5825	0.2765
3.3900	-0.6889	-2.6663	0.5833	0.2738
3.4000	-0.6862	-2.6721	0.5841	0.2711
3.4100	-0.6835	-2.6779	0.5849	0.2685
3.4200	-0.6808	-2.6838	0.5857	0.2660
3.4300	-0.6782	-2.6897	0.5864	0.2636
3.4400	-0.6756	-2.6955	0.5872	0.2613
3.4500	-0.6730	-2.7014	0.5880	0.2592
3.4600	-0.6704	-2.7073	0.5887	0.2572
3.4700	-0.6678	-2.7132	0.5894	0.2553
3.4800	-0.6653	-2.7191	0.5902	0.2535
3.4900	-0.6627	-2.7250	0.5909	0.2518
3.5000	-0.6602	-2.7309	0.5916	0.2501
3.5100	-0.6577	-2.7368	0.5923	0.2483
3.5200	-0.6553	-2.7427	0.5930	0.2466
3.5300	-0.6528	-2.7487	0.5937	0.2448
3.5400	-0.6504	-2.7546	0.5944	0.2428
3.5500	-0.6480	-2.7606	0.5951	0.2408
3.5600	-0.6456	-2.7665	0.5958	0.2387
3.5700	-0.6432	-2.7725	0.5964	0.2365
3.5800	-0.6408	-2.7784	0.5971	0.2343
3.5900	-0.6385	-2.7844	0.5977	0.2320
3.6000	-0.6362	-2.7904	0.5984	0.2296
3.6100	-0.6339	-2.7964	0.5990	0.2273
3.6200	-0.6316	-2.8024	0.5996	0.2251
3.6300	-0.6294	-2.8084	0.6003	0.2229
3.6400	-0.6272	-2.8144	0.6009	0.2208
3.6500	-0.6250	-2.8204	0.6015	0.2187
3.6600	-0.6228	-2.8264	0.6021	0.2168
3.6700	-0.6207	-2.8324	0.6027	0.2149
3.6800	-0.6185	-2.8385	0.6032	0.2131
3.6900	-0.6164	-2.8445	0.6038	0.2114
3.7000	-0.6143	-2.8505	0.6044	0.2097
3.7100	-0.6122	-2.8566	0.6050	0.2081
3.7200	-0.6101	-2.8626	0.6055	0.2065
3.7300	-0.6081	-2.8687	0.6061	0.2049
3.7400	-0.6060	-2.8748	0.6066	0.2034
3.7500	-0.6040	-2.8808	0.6072	0.2018
3.7600	-0.6020	-2.8869	0.6077	0.2003
3.7700	-0.6000	-2.8930	0.6082	0.1988
3.7800	-0.5980	-2.8991	0.6087	0.1973
3.7900	-0.5960	-2.9052	0.6093	0.1958
3.8000	-0.5941	-2.9112	0.6098	0.1943
3.8100	-0.5922	-2.9173	0.6103	0.1929
3.8200	-0.5902	-2.9235	0.6108	0.1914
3.8300	-0.5883	-2.9296	0.6113	0.1900
3.8400	-0.5864	-2.9357	0.6118	0.1886
3.8500	-0.5846	-2.9418	0.6123	0.1873
3.8600	-0.5827	-2.9479	0.6128	0.1860
3.8700	-0.5808	-2.9541	0.6132	0.1847
3.8800	-0.5790	-2.9602	0.6137	0.1835
3.8900	-0.5772	-2.9663	0.6142	0.1823
3.9000	-0.5754	-2.9725	0.6146	0.1812
3.9100	-0.5735	-2.9786	0.6151	0.1801
3.9200	-0.5718	-2.9848	0.6156	0.1790
3.9300	-0.5700	-2.9909	0.6160	0.1779
3.9400	-0.5682	-2.9971	0.6165	0.1769
3.9500	-0.5664	-3.0033	0.6169	0.1759
3.9600	-0.5647	-3.0094	0.6174	0.1749
3.9700	-0.5629	-3.0156	0.6178	0.1738
3.9800	-0.5612	-3.0218	0.6182	0.1728
3.9900	-0.5595	-3.0280	0.6187	0.1718
4.0000	-0.5578	-3.0342	0.6191	0.1708
4.0100	-0.5561	-3.0404	0.6195	0.1698
4.0200	-0.5544	-3.0466	0.6199	0.1688
4.0300	-0.5527	-3.0528	0.6204	0.1678
4.0400	-0.5510	-3.0590	0.6208	0.1668
4.0500	-0.5493	-3.0652	0.6212	0.1657
4.0600	-0.5477	-3.0714	0.6216	0.1647
4.0700	-0.5461	-3.0776	0.6220	0.1637
4.0800	-0.5444	-3.0838	0.6224	0.1627
4.0900	-0.5428	-3.0901	0.6228	0.1618
4.1000	-0.5412	-3.0963	0.6232	0.1608
4.1100	-0.5396	-3.1025	0.6236	0.1598
4.1200	-0.5380	-3.1088	0.6240	0.1588
4.1300	-0.5364	-3.1150	0.6244	0.1578
4.1400	-0.5348	-3.1212	0.6247	0.1569
4.1500	-0.5333	-3.1275	0.6251	0.1559
4.1600	-0.5317	-3.1337	0.6255	0.1550
4.1700	-0.5302	-3.1400	0.6259	0.1540
4.1800	-0.5286	-3.1463	0.6262	0.1531
4.1900	-0.5271	-3.1525	0.6266	0.1521
4.2000	-0.5256	-3.1588	0.6270	0.1512
4.2100	-0.5241	-3.1651	0.6273	0.1502
4.2200	-0.5226	-3.1713	0.6277	0.1493
4.2300	-0.5211	-3.1776	0.6280	0.1484
4.2400	-0.5196	-3.1839	0.6284	0.1475
4.2500	-0.5181	-3.1902	0.6287	0.1465
4.2600	-0.5167	-3.1965	0.6291	0.1456
4.2700	-0.5152	-3.2028	0.6294	0.1447
4.2800	-0.5138	-3.2091	0.6297	0.1438
4.2900	-0.5124	-3.2154	0.6301	0.1430
4.3000	-0.5109	-3.2217	0.6304	0.1421
4.3100	-0.5095	-3.2280	0.6307	0.1412
4.3200	-0.5081	-3.2343	0.6311	0.1404
4.3300	-0.5067	-3.2406	0.6314	0.1395
4.3400	-0.5053	-3.2469	0.6317	0.1387
4.3500	-0.5039	-3.2532	0.6320	0.1378
4.3600	-0.5026	-3.2595	0.6323	0.1370
4.3700	-0.5012	-3.2659	0.6326	0.1362
4.3800	-0.4998	-3.2722	0.6330	0.1354
4.3900	-0.4985	-3.2785	0.6333	0.1346
4.4000	-0.4971	-3.2849	0.6336	0.1338
4.4100	-0.4958	-3.2912	0.6339	0.1330
4.4200	-0.4945	-3.2975	0.6342	0.1322
4.4300	-0.4932	-3.3039	0.6345	0.1314
4.4400	-0.4919	-3.3102	0.6348	0.1307
4.4500	-0.4906	-3.3166	0.6351	0.1299
4.4600	-0.4893	-3.3229	0.6354	0.1291
4.4700	-0.4880	-3.3293	0.6356	0.1284
4.4800	-0.4867	-3.3356	0.6359	0.1276
4.4900	-0.4854	-3.3420	0.6362	0.1268
4.5000	-0.4842	-3.3484	0.6365	0.1261
4.5100	-0.4829	-3.3547	0.6368	0.1254
4.5200	-0.4816	-3.3611	0.6370	0.1246
4.5300	-0.4804	-3.3675	0.6373	0.1239
4.5400	-0.4792	-3.3739	0.6376	0.1232
4.5500	-0.4779	-3.3802	0.6379	0.1225
4.5600	-0.4767	-3.3866	0.6381	0.1218
4.5700	-0.4755	-3.3930	0.6384	0.1212
4.5800	-0.4743	-3.3994	0.6387	0.1205
4.5900	-0.4731	-3.4058	0.6389	0.1199
4.6000	-0.4719	-3.4122	0.6392	0.1193
4.6100	-0.4707	-3.4185	0.6394	0.1187
4.6200	-0.4695	-3.4249	0.6397	0.1181
4.6300	-0.4683	-3.4313	0.6400	0.1175
4.6400	-0.4672	-3.4377	0.6402	0.1169
4.6500	-0.4660	-3.4441	0.6405	0.1164
4.6600	-0.4648	-3.4506	0.6407	0.1158
4.6700	-0.4637	-3.4570	0.6410	0.1153
4.6800	-0.4625	-3.4634	0.6412	0.1148
4.6900	-0.4614	-3.4698	0.6414	0.1142
4.7000	-0.4603	-3.4762	0.6417	0.1137
4.7100	-0.4591	-3.4826	0.6419	0.1132
4.7200	-0.4580	-3.4890	0.6422	0.1127
4.7300	-0.4569	-3.4955	0.6424	0.1122
4.7400	-0.4557	-3.5019	0.6426	0.1117
4.7500	-0.4546	-3.5083	0.6429	0.1112
4.7600	-0.4535	-3.5147	0.6431	0.1106
4.7700	-0.4524	-3.5212	0.6433	0.1101
4.7800	-0.4513	-3.5276	0.6436	0.1096
4.7900	-0.4502	-3.5340	0.6438	0.1091
4.8000	-0.4491	-3.5405	0.6440	0.1086
4.8100	-0.4481	-3.5469	0.6443	0.1080
4.8200	-0.4470	-3.5534	0.6445	0.1075
4.8300	-0.4459	-3.5598	0.6447	0.1070
4.8400	-0.4448	-3.5663	0.6449	0.1064
4.8500	-0.4438	-3.5727	0.6451	0.1059
4.8600	-0.4427	-3.5792	0.6454	0.1053
4.8700	-0.4417	-3.5856	0.6456	0.1048
4.8800	-0.4406	-3.5921	0.6458	0.1043
4.8900	-0.4396	-3.5985	0.6460	0.1037
4.9000	-0.4386	-3.6050	0.6462	0.1032
4.9100	-0.4375	-3.6115	0.6464	0.1027
4.9200	-0.4365	-3.6179	0.6466	0.1022
4.9300	-0.4355	-3.6244	0.6468	0.1017
4.9400	-0.4345	-3.6309	0.6470	0.1011
4.9500	-0.4335	-3.6373	0.6472	0.1006
4.9600	-0.4325	-3.6438	0.6475	0.1002
4.9700	-0.4315	-3.6503	0.6477	0.0997
4.9800	-0.4305	-3.6568	0.6479	0.0992
4.9900	-0.4295	-3.6632	0.6481	0.0987
5.0000	-0.4285	-3.6697	0.6482	0.0983
5.0100	-0.4275	-3.6762	0.6484	0.0978
5.0200	-0.4265	-3.6827	0.6486	0.0974
5.0300	-0.4256	-3.6892	0.6488	0.0969
5.0400	-0.4246	-3.6957	0.6490	0.0965
5.0500	-0.4236	-3.7022	0.6492	0.0961
5.0600	-0.4227	-3.7087	0.6494	0.0956
5.0700	-0.4217	-3.7151	0.6496	0.0952
5.0800	-0.4208	-3.7216	0.6498	0.0948
5.0900	-0.4198	-3.7281	0.6500	0.0944
5.1000	-0.4189	-3.7346	0.6502	0.0940
5.1100	-0.4179	-3.7411	0.6503	0.0936
5.1200	-0.4170	-3.7477	0.6505	0.0932
5.1300	-0.4161	-3.7542	0.6507	0.0928
5.1400	-0.4151	-3.7607	0.6509	0.0924
5.1500	-0.4142	-3.7672	0.6511	0.0921
5.1600	-0.4133	-3.7737	0.6512	0.0917
5.1700	-0.4124	-3.7802	0.6514	0.0913
5.1800	-0.4115	-3.7867	0.6516	0.0909
5.1900	-0.4106	-3.7932	0.6518	0.0905
5.2000	-0.4097	-3.7998	0.6519	0.0902
5.2100	-0.4088	-3.8063	0.6521	0.0898
5.2200	-0.4079	-3.8128	0.6523	0.0894
5.2300	-0.4070	-3.8193	0.6525	0.0890
5.2400	-0.4061	-3.8258	0.6526	0.0887
5.2500	-0.4052	-3.8324	0.6528	0.0883
5.2600	-0.4043	-3.8389	0.6530	0.0879
5.2700	-0.4034	-3.8454	0.6531	0.0875
5.2800	-0.4026	-3.8520	0.6533	0.0871
5.2900	-0.4017	-3.8585	0.6535	0.0867
5.3000	-0.4008	-3.8650	0.6536	0.0863
5.3100	-0.4000	-3.8716	0.6538	0.0859
5.3200	-0.3991	-3.8781	0.6539	0.0855
5.3300	-0.3983	-3.8846	0.6541	0.0851
5.3400	-0.3974	-3.8912	0.6543	0.0847
5.3500	-0.3966	-3.8977	0.6544	0.0843
5.3600	-0.3957	-3.9043	0.6546	0.0838
5.3700	-0.3949	-3.9108	0.6547	0.0834
5.3800	-0.3941	-3.9174	0.6549	0.0830
5.3900	-0.3932	-3.9239	0.6550	0.0826
5.4000	-0.3924	-3.9305	0.6552	0.0821
5.4100	-0.3916	-3.9370	0.6553	0.0817
5.4200	-0.3908	-3.9436	0.6555	0.0813
5.4300	-0.3900	-3.9501	0.6556	0.0809
5.4400	-0.3892	-3.9567	0.6558	0.0804
5.4500	-0.3884	-3.9632	0.6559	0.0800
5.4600	-0.3876	-3.9698	0.6561	0.0796
5.4700	-0.3868	-3.9764	0.6562	0.0791
5.4800	-0.3860	-3.9829	0.6564	0.0787
5.4900	-0.3852	-3.9895	0.6565	0.0783
5.5000	-0.3844	-3.9961	0.6567	0.0779
5.5100	-0.3836	-4.0026	0.6568	0.0774
5.5200	-0.3829	-4.0092	0.6569	0.0770
5.5300	-0.3821	-4.0158	0.6571	0.0766
5.5400	-0.3813	-4.0223	0.6572	0.0762
5.5500	-0.3806	-4.0289	0.6574	0.0758
5.5600	-0.3798	-4.0355	0.6575	0.0754
5.5700	-0.3791	-4.0421	0.6576	0.0750
5.5800	-0.3783	-4.0486	0.6578	0.0746
5.5900	-0.3776	-4.0552	0.6579	0.0743
5.6000	-0.3768	-4.0618	0.6580	0.0739
5.6100	-0.3761	-4.0684	0.6582	0.0735
5.6200	-0.3754	-4.0750	0.6583	0.0732
5.6300	-0.3746	-4.0815	0.6584	0.0728
5.6400	-0.3739	-4.0881	0.6586	0.0725
5.6500	-0.3732	-4.0947	0.6587	0.0722
5.6600	-0.3725	-4.1013	0.6588	0.0719
5.6700	-0.3717	-4.1079	0.6589	0.0715
5.6800	-0.3710	-4.1145	0.6591	0.0712
5.6900	-0.3703	-4.1211	0.6592	0.0709
5.7000	-0.3696	-4.1277	0.6593	0.0706
5.7100	-0.3689	-4.1343	0.6594	0.0704
5.7200	-0.3682	-4.1409	0.6596	0.0701
5.7300	-0.3675	-4.1475	0.6597	0.0698
5.7400	-0.3668	-4.1540	0.6598	0.0696
5.7500	-0.3661	-4.1606	0.6599	0.0693
5.7600	-0.3654	-4.1672	0.6600	0.0690
5.7700	-0.3647	-4.1738	0.6602	0.0688
5.7800	-0.3640	-4.1805	0.6603	0.0686
5.7900	-0.3634	-4.1871	0.6604	0.0683
5.8000	-0.3627	-4.1937	0.6605	0.0681
5.8100	-0.3620	-4.2003	0.6606	0.0679
5.8200	-0.3613	-4.2069	0.6607	0.0677
5.8300	-0.3606	-4.2135	0.6609	0.0674
5.8400	-0.3600	-4.2201	0.6610	0.0672
5.8500	-0.3593	-4.2267	0.6611	0.0670
5.8600	-0.3586	-4.2333	0.6612	0.0668
5.8700	-0.3580	-4.2399	0.6613	0.0666
5.8800	-0.3573	-4.2465	0.6614	0.0664
5.8900	-0.3566	-4.2532	0.6615	0.0662
5.9000	-0.3560	-4.2598	0.6617	0.0660
5.9100	-0.3553	-4.2664	0.6618	0.0658
5.9200	-0.3547	-4.2730	0.6619	0.0656
5.9300	-0.3540	-4.2796	0.6620	0.0654
5.9400	-0.3534	-4.2862	0.6621	0.0652
5.9500	-0.3527	-4.2929	0.6622	0.0650
5.9600	-0.3521	-4.2995	0.6623	0.0648
5.9700	-0.3514	-4.3061	0.6624	0.0646
5.9800	-0.3508	-4.3127	0.6625	0.0644
5.9900	-0.3501	-4.3194	0.6626	0.0643
6.0000	-0.3495	-4.3260	0.6628	0.0641
6.0100	-0.3488	-4.3326	0.6629	0.0639
6.0200	-0.3482	-4.3392	0.6630	0.0636
6.0300	-0.3476	-4.3459	0.6631	0.0634
6.0400	-0.3469	-4.3525	0.6632	0.0632
6.0500	-0.3463	-4.3591	0.6633	0.0630
6.0600	-0.3457	-4.3658	0.6634	0.0628
6.0700	-0.3450	-4.3724	0.6635	0.0626
6.0800	-0.3444	-4.3790	0.6636	0.0624
6.0900	-0.3438	-4.3857	0.6637	0.0622
6.1000	-0.3432	-4.3923	0.6638	0.0620
6.1100	-0.3426	-4.3990	0.6639	0.0618
6.1200	-0.3419	-4.4056	0.6640	0.0616
6.1300	-0.3413	-4.4122	0.6641	0.0613
6.1400	-0.3407	-4.4189	0.6642	0.0611
6.1500	-0.3401	-4.4255	0.6643	0.0609
6.1600	-0.3395	-4.4322	0.6644	0.0607
6.1700	-0.3389	-4.4388	0.6645	0.0604
6.1800	-0.3383	-4.4455	0.6646	0.0602
6.1900	-0.3377	-4.4521	0.6647	0.0600
6.2000	-0.3371	-4.4587	0.6648	0.0598
6.2100	-0.3365	-4.4654	0.6649	0.0595
6.2200	-0.3359	-4.4720	0.6650	0.0593
6.2300	-0.3353	-4.4787	0.6651	0.0591
6.2400	-0.3347	-4.4853	0.6652	0.0589
6.2500	-0.3341	-4.4920	0.6653	0.0586
6.2600	-0.3335	-4.4987	0.6654	0.0584
6.2700	-0.3330	-4.5053	0.6654	0.0582
6.2800	-0.3324	-4.5120	0.6655	0.0579
6.2900	-0.3318	-4.5186	0.6656	0.0577
6.3000	-0.3312	-4.5253	0.6657	0.0575
6.3100	-0.3306	-4.5319	0.6658	0.0573
6.3200	-0.3301	-4.5386	0.6659	0.0570
6.3300	-0.3295	-4.5452	0.6660	0.0568
6.3400	-0.3289	-4.5519	0.6661	0.0566
6.3500	-0.3284	-4.5586	0.6662	0.0564
6.3600	-0.3278	-4.5652	0.6663	0.0561
6.3700	-0.3273	-4.5719	0.6663	0.0559
6.3800	-0.3267	-4.5786	0.6664	0.0557
6.3900	-0.3261	-4.5852	0.6665	0.0555
6.4000	-0.3256	-4.5919	0.6666	0.0553
6.4100	-0.3250	-4.5986	0.6667	0.0551
6.4200	-0.3245	-4.6052	0.6668	0.0548
6.4300	-0.3239	-4.6119	0.6669	0.0546
6.4400	-0.3234	-4.6186	0.6670	0.0544
6.4500	-0.3228	-4.6252	0.6670	0.0542
6.4600	-0.3223	-4.6319	0.6671	0.0540
6.4700	-0.3218	-4.6386	0.6672	0.0538
6.4800	-0.3212	-4.6452	0.6673	0.0536
6.4900	-0.3207	-4.6519	0.6674	0.0534
6.5000	-0.3202	-4.6586	0.6675	0.0532
6.5100	-0.3196	-4.6653	0.6675	0.0530
6.5200	-0.3191	-4.6719	0.6676	0.0528
6.5300	-0.3186	-4.6786	0.6677	0.0526
6.5400	-0.3181	-4.6853	0.6678	0.0524
6.5500	-0.3175	-4.6920	0.6679	0.0522
6.5600	-0.3170	-4.6987	0.6679	0.0520
6.5700	-0.3165	-4.7053	0.6680	0.0519
6.5800	-0.3160	-4.7120	0.6681	0.0517
6.5900	-0.3155	-4.7187	0.6682	0.0515
6.6000	-0.3149	-4.7254	0.6682	0.0513
6.6100	-0.3144	-4.7321	0.6683	0.0511
6.6200	-0.3139	-4.7387	0.6684	0.0510
6.6300	-0.3134	-4.7454	0.6685	0.0508
6.6400	-0.3129	-4.7521	0.6686	0.0506
6.6500	-0.3124	-4.7588	0.6686	0.0504
6.6600	-0.3119	-4.7655	0.6687	0.0503
6.6700	-0.3114	-4.7722	0.6688	0.0501
6.6800	-0.3109	-4.7789	0.6689	0.0499
6.6900	-0.3104	-4.7856	0.6689	0.0498
6.7000	-0.3099	-4.7922	0.6690	0.0496
6.7100	-0.3094	-4.7989	0.6691	0.0494
6.7200	-0.3089	-4.8056	0.6692	0.0493
6.7300	-0.3084	-4.8123	0.6692	0.0491
6.7400	-0.3079	-4.8190	0.6693	0.0490
6.7500	-0.3074	-4.8257	0.6694	0.0488
6.7600	-0.3069	-4.8324	0.6694	0.0486
6.7700	-0.3065	-4.8391	0.6695	0.0485
6.7800	-0.3060	-4.8458	0.6696	0.0483
6.7900	-0.3055	-4.8525	0.6697	0.0482
6.8000	-0.3050	-4.8592	0.6697	0.0480
6.8100	-0.3045	-4.8659	0.6698	0.0479
6.8200	-0.3041	-4.8726	0.6699	0.0477
6.8300	-0.3036	-4.8793	0.6699	0.0476
6.8400	-0.3031	-4.8860	0.6700	0.0474
6.8500	-0.3026	-4.8927	0.6701	0.0473
6.8600	-0.3022	-4.8994	0.6701	0.0471
6.8700	-0.3017	-4.9061	0.6702	0.0470
6.8800	-0.3012	-4.9128	0.6703	0.0468
6.8900	-0.3008	-4.9195	0.6704	0.0467
6.9000	-0.3003	-4.9262	0.6704	0.0465
6.9100	-0.2998	-4.9329	0.6705	0.0464
6.9200	-0.2994	-4.9396	0.6706	0.0462
6.9300	-0.2989	-4.9463	0.6706	0.0461
6.9400	-0.2984	-4.9530	0.6707	0.0459
6.9500	-0.2980	-4.9597	0.6708	0.0458
6.9600	-0.2975	-4.9664	0.6708	0.0457
6.9700	-0.2971	-4.9731	0.6709	0.0455
6.9800	-0.2966	-4.9798	0.6709	0.0454
6.9900	-0.2962	-4.9866	0.6710	0.0452
7.0000	-0.2957	-4.9933	0.6711	0.0451
7.0100	-0.2953	-5.0000	0.6711	0.0450
7.0200	-0.2948	-5.0067	0.6712	0.0448
7.0300	-0.2944	-5.0134	0.6713	0.0447
7.0400	-0.2939	-5.0201	0.6713	0.0446
7.0500	-0.2935	-5.0268	0.6714	0.0444
7.0600	-0.2930	-5.0335	0.6715	0.0443
7.0700	-0.2926	-5.0403	0.6715	0.0442
7.0800	-0.2921	-5.0470	0.6716	0.0440
7.0900	-0.2917	-5.0537	0.6716	0.0439
7.1000	-0.2913	-5.0604	0.6717	0.0438
7.1100	-0.2908	-5.0671	0.6718	0.0436
7.1200	-0.2904	-5.0738	0.6718	0.0435
7.1300	-0.2900	-5.0806	0.6719	0.0434
7.1400	-0.2895	-5.0873	0.6720	0.0432
7.1500	-0.2891	-5.0940	0.6720	0.0431
7.1600	-0.2887	-5.1007	0.6721	0.0430
7.1700	-0.2882	-5.1074	0.6721	0.0428
7.1800	-0.2878	-5.1142	0.6722	0.0427
7.1900	-0.2874	-5.1209	0.6723	0.0426
7.2000	-0.2870	-5.1276	0.6723	0.0425
7.2100	-0.2865	-5.1343	0.6724	0.0423
7.2200	-0.2861	-5.1410	0.6724	0.0422
7.2300	-0.2857	-5.1478	0.6725	0.0421
7.2400	-0.2853	-5.1545	0.6725	0.0419
7.2500	-0.2848	-5.1612	0.6726	0.0418
7.2600	-0.2844	-5.1680	0.6727	0.0417
7.2700	-0.2840	-5.1747	0.6727	0.0416
7.2800	-0.2836	-5.1814	0.6728	0.0415
7.2900	-0.2832	-5.1881	0.6728	0.0413
7.3000	-0.2828	-5.1949	0.6729	0.0412
7.3100	-0.2824	-5.2016	0.6729	0.0411
7.3200	-0.2820	-5.2083	0.6730	0.0410
7.3300	-0.2815	-5.2151	0.6731	0.0408
7.3400	-0.2811	-5.2218	0.6731	0.0407
7.3500	-0.2807	-5.2285	0.6732	0.0406
7.3600	-0.2803	-5.2352	0.6732	0.0405
7.3700	-0.2799	-5.2420	0.6733	0.0404
7.3800	-0.2795	-5.2487	0.6733	0.0402
7.3900	-0.2791	-5.2554	0.6734	0.0401
7.4000	-0.2787	-5.2622	0.6734	0.0400
7.4100	-0.2783	-5.2689	0.6735	0.0399
7.4200	-0.2779	-5.2756	0.6735	0.0398
7.4300	-0.2775	-5.2824	0.6736	0.0397
7.4400	-0.2771	-5.2891	0.6737	0.0395
7.4500	-0.2767	-5.2959	0.6737	0.0394
7.4600	-0.2763	-5.3026	0.6738	0.0393
7.4700	-0.2759	-5.3093	0.6738	0.0392
7.4800	-0.2755	-5.3161	0.6739	0.0391
7.4900	-0.2752	-5.3228	0.6739	0.0390
7.5000	-0.2748	-5.3296	0.6740	0.0389
7.5100	-0.2744	-5.3363	0.6740	0.0387
7.5200	-0.2740	-5.3430	0.6741	0.0386
7.5300	-0.2736	-5.3498	0.6741	0.0385
7.5400	-0.2732	-5.3565	0.6742	0.0384
7.5500	-0.2728	-5.3633	0.6742	0.0383
7.5600	-0.2725	-5.3700	0.6743	0.0382
7.5700	-0.2721	-5.3767	0.6743	0.0381
7.5800	-0.2717	-5.3835	0.6744	0.0380
7.5900	-0.2713	-5.3902	0.6744	0.0379
7.6000	-0.2709	-5.3970	0.6745	0.0377
7.6100	-0.2706	-5.4037	0.6745	0.0376
7.6200	-0.2702	-5.4105	0.6746	0.0375
7.6300	-0.2698	-5.4172	0.6746	0.0374
7.6400	-0.2694	-5.4240	0.6747	0.0373
7.6500	-0.2691	-5.4307	0.6747	0.0372
7.6600	-0.2687	-5.4375	0.6748	0.0371
7.6700	-0.2683	-5.4442	0.6748	0.0370
7.6800	-0.2680	-5.4509	0.6749	0.0369
7.6900	-0.2676	-5.4577	0.6749	0.0368
7.7000	-0.2672	-5.4644	0.6750	0.0367
7.7100	-0.2669	-5.4712	0.6750	0.0366
7.7200	-0.2665	-5.4779	0.6751	0.0365
7.7300	-0.2661	-5.4847	0.6751	0.0364
7.7400	-0.2658	-5.4914	0.6752	0.0363
7.7500	-0.2654	-5.4982	0.6752	0.0362
7.7600	-0.2650	-5.5050	0.6752	0.0361
7.7700	-0.2647	-5.5117	0.6753	0.0360
7.7800	-0.2643	-5.5185	0.6753	0.0359
7.7900	-0.2640	-5.5252	0.6754	0.0358
7.8000	-0.2636	-5.5320	0.6754	0.0357
7.8100	-0.2632	-5.5387	0.6755	0.0356
7.8200	-0.2629	-5.5455	0.6755	0.0355
7.8300	-0.2625	-5.5522	0.6756	0.0354
7.8400	-0.2622	-5.5590	0.6756	0.0353
7.8500	-0.2618	-5.5657	0.6757	0.0352
7.8600	-0.2615	-5.5725	0.6757	0.0351
7.8700	-0.2611	-5.5793	0.6757	0.0350
7.8800	-0.2608	-5.5860	0.6758	0.0349
7.8900	-0.2604	-5.5928	0.6758	0.0348
7.9000	-0.2601	-5.5995	0.6759	0.0347
7.9100	-0.2597	-5.6063	0.6759	0.0346
7.9200	-0.2594	-5.6130	0.6760	0.0345
7.9300	-0.2590	-5.6198	0.6760	0.0344
7.9400	-0.2587	-5.6266	0.6761	0.0343
7.9500	-0.2584	-5.6333	0.6761	0.0342
7.9600	-0.2580	-5.6401	0.6761	0.0341
7.9700	-0.2577	-5.6469	0.6762	0.0340
7.9800	-0.2573	-5.6536	0.6762	0.0340
7.9900	-0.2570	-5.6604	0.6763	0.0339
8.0000	-0.2567	-5.6671	0.6763	0.0338
