T	Ut	Ft	St	Ct
0.0100	-nan	-inf	-nan	-nan
0.0200	-2.0000	-2.0000	0.0000	0.0000
0.0300	-2.0000	-2.0000	0.0000	0.0000
0.0400	-2.0000	-2.0000	0.0000	0.0000
0.0500	-2.0000	-2.0000	0.0000	0.0000
0.0600	-2.0000	-2.0000	-0.0000	0.0000
0.0700	-2.0000	-2.0000	0.0000	0.0000
0.0800	-2.0000	-2.0000	0.0000	0.0000
0.0900	-2.0000	-2.0000	-0.0000	0.0000
0.1000	-2.0000	-2.0000	-0.0000	0.0000
0.1100	-2.0000	-2.0000	0.0000	0.0000
0.1200	-2.0000	-2.0000	0.0000	0.0000
0.1300	-2.0000	-2.0000	0.0000	0.0000
0.1400	-2.0000	-2.0000	0.0000	0.0000
0.1500	-2.0000	-2.0000	0.0000	0.0000
0.1600	-2.0000	-2.0000	0.0000	0.0000
0.1700	-2.0000	-2.0000	0.0000	0.0000
0.1800	-2.0000	-2.0000	-0.0000	0.0000
0.1900	-2.0000	-2.0000	0.0000	0.0000
0.2000	-2.0000	-2.0000	0.0000	0.0000
0.2100	-2.0000	-2.0000	0.0000	0.0000
0.2200	-2.0000	-2.0000	0.0000	0.0000
0.2300	-2.0000	-2.0000	0.0000	-0.0000
0.2400	-2.0000	-2.0000	0.0000	0.0000
0.2500	-2.0000	-2.0000	0.0000	0.0000
0.2600	-2.0000	-2.0000	0.0000	0.0000
0.2700	-2.0000	-2.0000	0.0000	0.0000
0.2800	-2.0000	-2.0000	0.0000	0.0000
0.2900	-2.0000	-2.0000	0.0000	0.0000
0.3000	-2.0000	-2.0000	0.0000	0.0000
0.3100	-2.0000	-2.0000	0.0000	0.0000
0.3200	-2.0000	-2.0000	0.0000	0.0000
0.3300	-2.0000	-2.0000	0.0000	0.0000
0.3400	-2.0000	-2.0000	0.0000	0.0000
0.3500	-2.0000	-2.0000	0.0000	0.0000
0.3600	-2.0000	-2.0000	0.0000	0.0000
0.3700	-2.0000	-2.0000	0.0000	0.0000
0.3800	-2.0000	-2.0000	0.0000	0.0000
0.3900	-2.0000	-2.0000	0.0000	0.0000
0.4000	-2.0000	-2.0000	0.0000	0.0000
0.4100	-2.0000	-2.0000	0.0000	0.0000
0.4200	-2.0000	-2.0000	0.0000	0.0000
0.4300	-2.0000	-2.0000	0.0000	0.0000
0.4400	-2.0000	-2.0000	0.0000	0.0000
0.4500	-2.0000	-2.0000	0.0000	0.0000
0.4600	-2.0000	-2.0000	0.0000	0.0000
0.4700	-2.0000	-2.0000	0.0000	0.0000
0.4800	-2.0000	-2.0000	0.0000	0.0000
0.4900	-2.0000	-2.0000	0.0000	0.0000
0.5000	-2.0000	-2.0000	0.0000	0.0000
0.5100	-2.0000	-2.0000	0.0000	0.0000
0.5200	-2.0000	-2.0000	0.0000	0.0000
0.5300	-2.0000	-2.0000	0.0000	0.0001
0.5400	-2.0000	-2.0000	0.0000	0.0001
0.5500	-2.0000	-2.0000	0.0000	0.0001
0.5600	-2.0000	-2.0000	0.0000	0.0001
0.5700	-2.0000	-2.0000	0.0000	0.0001
0.5800	-2.0000	-2.0000	0.0000	0.0002
0.5900	-2.0000	-2.0000	0.0000	0.0002
0.6000	-2.0000	-2.0000	0.0000	0.0002
0.6100	-2.0000	-2.0000	0.0000	0.0003
0.6200	-2.0000	-2.0000	0.0000	0.0003
0.6300	-2.0000	-2.0000	0.0000	0.0004
0.6400	-2.0000	-2.0000	0.0000	0.0005
0.6500	-2.0000	-2.0000	0.0001	0.0006
0.6600	-2.0000	-2.0000	0.0001	0.0007
0.6700	-2.0000	-2.0000	0.0001	0.0008
0.6800	-1.9999	-2.0000	0.0001	0.0009
0.6900	-1.9999	-2.0000	0.0001	0.0011
0.7000	-1.9999	-2.0000	0.0001	0.0012
0.7100	-1.9999	-2.0000	0.0001	0.0014
0.7200	-1.9999	-2.0000	0.0002	0.0016
0.7300	-1.9999	-2.0000	0.0002	0.0018
0.7400	-1.9999	-2.0000	0.0002	0.0020
0.7500	-1.9998	-2.0000	0.0002	0.0023
0.7600	-1.9998	-2.0000	0.0003	0.0026
0.7700	-1.9998	-2.0000	0.0003	0.0029
0.7800	-1.9998	-2.0000	0.0003	0.0033
0.7900	-1.9997	-2.0000	0.0004	0.0036
0.8000	-1.9997	-2.0000	0.0004	0.0041
0.8100	-1.9996	-2.0000	0.0005	0.0045
0.8200	-1.9996	-2.0000	0.0005	0.0050
0.8300	-1.9995	-2.0000	0.0006	0.0055
0.8400	-1.9995	-2.0001	0.0007	0.0061
0.8500	-1.9994	-2.0001	0.0008	0.0067
0.8600	-1.9993	-2.0001	0.0008	0.0074
0.8700	-1.9993	-2.0001	0.0009	0.0081
0.8800	-1.9992	-2.0001	0.0010	0.0089
0.8900	-1.9991	-2.0001	0.0011	0.0097
0.9000	-1.9990	-2.0001	0.0012	0.0106
0.9100	-1.9989	-2.0001	0.0014	0.0115
0.9200	-1.9988	-2.0001	0.0015	0.0125
0.9300	-1.9986	-2.0002	0.0016	0.0136
0.9400	-1.9985	-2.0002	0.0018	0.0147
0.9500	-1.9983	-2.0002	0.0019	0.0159
0.9600	-1.9982	-2.0002	0.0021	0.0172
0.9700	-1.9980	-2.0002	0.0023	0.0185
0.9800	-1.9978	-2.0003	0.0025	0.0198
0.9900	-1.9976	-2.0003	0.0027	0.0212
1.0000	-1.9974	-2.0003	0.0029	0.0227
1.0100	-1.9971	-2.0003	0.0032	0.0242
1.0200	-1.9969	-2.0004	0.0034	0.0258
1.0300	-1.9966	-2.0004	0.0037	0.0274
1.0400	-1.9963	-2.0004	0.0039	0.0291
1.0500	-1.9960	-2.0005	0.0042	0.0308
1.0600	-1.9957	-2.0005	0.0045	0.0325
1.0700	-1.9954	-2.0006	0.0048	0.0343
1.0800	-1.9950	-2.0006	0.0052	0.0361
1.0900	-1.9947	-2.0007	0.0055	0.0381
1.1000	-1.9943	-2.0007	0.0059	0.0400
1.1100	-1.9939	-2.0008	0.0062	0.0421
1.1200	-1.9934	-2.0009	0.0066	0.0442
1.1300	-1.9930	-2.0009	0.0070	0.0465
1.1400	-1.9925	-2.0010	0.0075	0.0488
1.1500	-1.9920	-2.0011	0.0079	0.0512
1.1600	-1.9915	-2.0012	0.0083	0.0538
1.1700	-1.9909	-2.0012	0.0088	0.0565
1.1800	-1.9904	-2.0013	0.0093	0.0592
1.1900	-1.9897	-2.0014	0.0098	0.0621
1.2000	-1.9891	-2.0015	0.0104	0.0651
1.2100	-1.9884	-2.0016	0.0109	0.0682
1.2200	-1.9877	-2.0018	0.0115	0.0714
1.2300	-1.9870	-2.0019	0.0121	0.0747
1.2400	-1.9863	-2.0020	0.0127	0.0781
1.2500	-1.9855	-2.0021	0.0133	0.0816
1.2600	-1.9846	-2.0023	0.0140	0.0851
1.2700	-1.9838	-2.0024	0.0147	0.0888
1.2800	-1.9828	-2.0026	0.0154	0.0925
1.2900	-1.9819	-2.0027	0.0161	0.0962
1.3000	-1.9809	-2.0029	0.0169	0.1001
1.3100	-1.9799	-2.0030	0.0177	0.1041
1.3200	-1.9788	-2.0032	0.0185	0.1081
1.3300	-1.9777	-2.0034	0.0193	0.1122
1.3400	-1.9766	-2.0036	0.0202	0.1165
1.3500	-1.9754	-2.0038	0.0210	0.1209
1.3600	-1.9742	-2.0040	0.0220	0.1255
1.3700	-1.9729	-2.0043	0.0229	0.1303
1.3800	-1.9716	-2.0045	0.0239	0.1353
1.3900	-1.9702	-2.0047	0.0249	0.1404
1.4000	-1.9688	-2.0050	0.0259	0.1456
1.4100	-1.9673	-2.0053	0.0269	0.1510
1.4200	-1.9657	-2.0055	0.0280	0.1563
1.4300	-1.9641	-2.0058	0.0291	0.1617
1.4400	-1.9625	-2.0061	0.0303	0.1670
1.4500	-1.9608	-2.0064	0.0315	0.1722
1.4600	-1.9591	-2.0067	0.0327	0.1773
1.4700	-1.9573	-2.0071	0.0339	0.1824
1.4800	-1.9554	-2.0074	0.0351	0.1876
1.4900	-1.9535	-2.0078	0.0364	0.1928
1.5000	-1.9516	-2.0081	0.0377	0.1983
1.5100	-1.9495	-2.0085	0.0391	0.2041
1.5200	-1.9475	-2.0089	0.0404	0.2102
1.5300	-1.9453	-2.0093	0.0418	0.2166
1.5400	-1.9431	-2.0098	0.0433	0.2233
1.5500	-1.9409	-2.0102	0.0447	0.2301
1.5600	-1.9385	-2.0107	0.0462	0.2370
1.5700	-1.9361	-2.0111	0.0478	0.2438
1.5800	-1.9337	-2.0116	0.0493	0.2504
1.5900	-1.9311	-2.0121	0.0509	0.2567
1.6000	-1.9285	-2.0126	0.0526	0.2629
1.6100	-1.9259	-2.0132	0.0542	0.2691
1.6200	-1.9231	-2.0137	0.0559	0.2754
1.6300	-1.9204	-2.0143	0.0576	0.2820
1.6400	-1.9175	-2.0149	0.0594	0.2890
1.6500	-1.9146	-2.0155	0.0612	0.2964
1.6600	-1.9116	-2.0161	0.0630	0.3043
1.6700	-1.9085	-2.0167	0.0648	0.3125
1.6800	-1.9053	-2.0174	0.0667	0.3210
1.6900	-1.9021	-2.0181	0.0686	0.3297
1.7000	-1.8987	-2.0188	0.0706	0.3385
1.7100	-1.8953	-2.0195	0.0726	0.3473
1.7200	-1.8918	-2.0202	0.0747	0.3562
1.7300	-1.8882	-2.0210	0.0768	0.3652
1.7400	-1.8845	-2.0218	0.0789	0.3744
1.7500	-1.8807	-2.0226	0.0811	0.3837
1.7600	-1.8768	-2.0234	0.0833	0.3934
1.7700	-1.8728	-2.0242	0.0855	0.4034
1.7800	-1.8687	-2.0251	0.0878	0.4139
1.7900	-1.8645	-2.0260	0.0902	0.4249
1.8000	-1.8602	-2.0269	0.0926	0.4364
1.8100	-1.8558	-2.0278	0.0950	0.4484
1.8200	-1.8513	-2.0288	0.0975	0.4608
1.8300	-1.8466	-2.0298	0.1001	0.4735
1.8400	-1.8418	-2.0308	0.1027	0.4862
1.8500	-1.8369	-2.0318	0.1054	0.4988
1.8600	-1.8318	-2.0329	0.1081	0.5113
1.8700	-1.8266	-2.0340	0.1109	0.5235
1.8800	-1.8213	-2.0351	0.1137	0.5355
1.8900	-1.8159	-2.0363	0.1166	0.5475
1.9000	-1.8104	-2.0375	0.1195	0.5596
1.9100	-1.8047	-2.0387	0.1225	0.5720
1.9200	-1.7990	-2.0399	0.1255	0.5847
1.9300	-1.7930	-2.0412	0.1286	0.5980
1.9400	-1.7870	-2.0425	0.1317	0.6121
1.9500	-1.7808	-2.0438	0.1349	0.6272
1.9600	-1.7744	-2.0452	0.1381	0.6435
1.9700	-1.7679	-2.0466	0.1414	0.6614
1.9800	-1.7612	-2.0480	0.1448	0.6808
1.9900	-1.7543	-2.0495	0.1483	0.7019
2.0000	-1.7472	-2.0510	0.1519	0.7243
2.0100	-1.7398	-2.0525	0.1556	0.7474
2.0200	-1.7322	-2.0541	0.1593	0.7704
2.0300	-1.7244	-2.0557	0.1632	0.7928
2.0400	-1.7164	-2.0573	0.1671	0.8141
2.0500	-1.7081	-2.0590	0.1712	0.8344
2.0600	-1.6997	-2.0608	0.1753	0.8546
2.0700	-1.6910	-2.0625	0.1795	0.8754
2.0800	-1.6822	-2.0644	0.1837	0.8981
2.0900	-1.6731	-2.0662	0.1881	0.9237
2.1000	-1.6637	-2.0681	0.1926	0.9530
2.1100	-1.6540	-2.0701	0.1972	0.9868
2.1200	-1.6439	-2.0721	0.2020	1.0254
2.1300	-1.6335	-2.0741	0.2069	1.0688
2.1400	-1.6225	-2.0762	0.2120	1.1161
2.1500	-1.6111	-2.0783	0.2173	1.1658
2.1600	-1.5992	-2.0805	0.2228	1.2163
2.1700	-1.5868	-2.0828	0.2286	1.2663
2.1800	-1.5739	-2.0851	0.2345	1.3161
2.1900	-1.5605	-2.0875	0.2406	1.3676
2.2000	-1.5465	-2.0899	0.2470	1.4240
2.2100	-1.5320	-2.0924	0.2536	1.4892
2.2200	-1.5167	-2.0950	0.2605	1.5678
2.2300	-1.5006	-2.0976	0.2678	1.6634
2.2400	-1.4834	-2.1004	0.2754	1.7784
2.2500	-1.4649	-2.1032	0.2837	1.9094
2.2600	-1.4452	-2.1060	0.2924	2.0414
2.2700	-1.4242	-2.1090	0.3017	2.1456
2.2800	-1.4025	-2.1121	0.3112	2.1900
2.2900	-1.3806	-2.1152	0.3208	2.1615
2.3000	-1.3594	-2.1185	0.3300	2.0754
2.3100	-1.3392	-2.1218	0.3388	1.9622
2.3200	-1.3202	-2.1253	0.3470	1.8463
2.3300	-1.3023	-2.1288	0.3547	1.7389
2.3400	-1.2854	-2.1324	0.3620	1.6411
2.3500	-1.2694	-2.1360	0.3688	1.5498
2.3600	-1.2544	-2.1397	0.3752	1.4617
2.3700	-1.2402	-2.1435	0.3811	1.3755
2.3800	-1.2269	-2.1474	0.3868	1.2924
2.3900	-1.2143	-2.1512	0.3920	1.2152
2.4000	-1.2025	-2.1552	0.3969	1.1470
2.4100	-1.1913	-2.1592	0.4016	1.0893
2.4200	-1.1807	-2.1632	0.4060	1.0420
2.4300	-1.1705	-2.1673	0.4102	1.0037
2.4400	-1.1606	-2.1714	0.4143	0.9719
2.4500	-1.1510	-2.1756	0.4182	0.9447
2.4600	-1.1417	-2.1798	0.4220	0.9202
2.4700	-1.1326	-2.1840	0.4257	0.8976
2.4800	-1.1237	-2.1883	0.4293	0.8763
2.4900	-1.1151	-2.1926	0.4327	0.8564
2.5000	-1.1066	-2.1970	0.4361	0.8378
2.5100	-1.0983	-2.2013	0.4394	0.8204
2.5200	-1.0902	-2.2057	0.4427	0.8043
2.5300	-1.0822	-2.2102	0.4458	0.7892
2.5400	-1.0744	-2.2147	0.4489	0.7750
2.5500	-1.0667	-2.2192	0.4519	0.7614
2.5600	-1.0592	-2.2237	0.4549	0.7485
2.5700	-1.0518	-2.2283	0.4578	0.7365
2.5800	-1.0444	-2.2329	0.4606	0.7253
2.5900	-1.0372	-2.2375	0.4634	0.7151
2.6000	-1.0301	-2.2421	0.4661	0.7059
2.6100	-1.0231	-2.2468	0.4688	0.6975
2.6200	-1.0162	-2.2515	0.4715	0.6896
2.6300	-1.0093	-2.2562	0.4741	0.6819
2.6400	-1.0026	-2.2610	0.4767	0.6740
2.6500	-0.9959	-2.2658	0.4792	0.6656
2.6600	-0.9892	-2.2706	0.4817	0.6564
2.6700	-0.9827	-2.2754	0.4841	0.6464
2.6800	-0.9763	-2.2802	0.4865	0.6357
2.6900	-0.9700	-2.2851	0.4889	0.6244
2.7000	-0.9638	-2.2900	0.4912	0.6129
2.7100	-0.9578	-2.2949	0.4934	0.6013
2.7200	-0.9518	-2.2999	0.4956	0.5898
2.7300	-0.9460	-2.3049	0.4978	0.5788
2.7400	-0.9402	-2.3098	0.4999	0.5682
2.7500	-0.9346	-2.3149	0.5019	0.5580
2.7600	-0.9291	-2.3199	0.5039	0.5484
2.7700	-0.9236	-2.3249	0.5059	0.5392
2.7800	-0.9183	-2.3300	0.5078	0.5305
2.7900	-0.9130	-2.3351	0.5097	0.5221
2.8000	-0.9078	-2.3402	0.5116	0.5140
2.8100	-0.9027	-2.3453	0.5134	0.5063
2.8200	-0.8977	-2.3505	0.5152	0.4988
2.8300	-0.8928	-2.3556	0.5169	0.4917
2.8400	-0.8879	-2.3608	0.5186	0.4848
2.8500	-0.8831	-2.3660	0.5203	0.4783
2.8600	-0.8783	-2.3712	0.5220	0.4720
2.8700	-0.8736	-2.3764	0.5236	0.4661
2.8800	-0.8690	-2.3817	0.5252	0.4604
2.8900	-0.8644	-2.3869	0.5268	0.4549
2.9000	-0.8599	-2.3922	0.5284	0.4496
2.9100	-0.8554	-2.3975	0.5299	0.4444
2.9200	-0.8510	-2.4028	0.5314	0.4394
2.9300	-0.8466	-2.4081	0.5329	0.4344
2.9400	-0.8423	-2.4135	0.5344	0.4295
2.9500	-0.8380	-2.4188	0.5359	0.4246
2.9600	-0.8338	-2.4242	0.5373	0.4198
2.9700	-0.8296	-2.4296	0.5387	0.4150
2.9800	-0.8255	-2.4350	0.5401	0.4102
2.9900	-0.8214	-2.4404	0.5415	0.4055
3.0000	-0.8174	-2.4458	0.5428	0.4008
3.0100	-0.8134	-2.4512	0.5441	0.3962
3.0200	-0.8095	-2.4567	0.5454	0.3917
3.0300	-0.8056	-2.4621	0.5467	0.3872
3.0400	-0.8017	-2.4676	0.5480	0.3828
3.0500	-0.7979	-2.4731	0.5492	0.3786
3.0600	-0.7942	-2.4786	0.5505	0.3744
3.0700	-0.7904	-2.4841	0.5517	0.3703
3.0800	-0.7868	-2.4896	0.5529	0.3663
3.0900	-0.7831	-2.4952	0.5541	0.3624
3.1000	-0.7795	-2.5007	0.5552	0.3586
3.1100	-0.7759	-2.5063	0.5564	0.3548
3.1200	-0.7724	-2.5118	0.5575	0.3512
3.1300	-0.7689	-2.5174	0.5586	0.3477
3.1400	-0.7655	-2.5230	0.5597	0.3443
3.1500	-0.7620	-2.5286	0.5608	0.3410
3.1600	-0.7586	-2.5342	0.5619	0.3377
3.1700	-0.7553	-2.5399	0.5630	0.3346
3.1800	-0.7519	-2.5455	0.5640	0.3315
3.1900	-0.7486	-2.5511	0.5650	0.3285
3.2000	-0.7454	-2.5568	0.5661	0.3255
3.2100	-0.7421	-2.5625	0.5671	0.3226
3.2200	-0.7389	-2.5681	0.5681	0.3197
3.2300	-0.7357	-2.5738	0.5691	0.3168
3.2400	-0.7326	-2.5795	0.5700	0.3140
3.2500	-0.7295	-2.5852	0.5710	0.3111
3.2600	-0.7264	-2.5909	0.5720	0.3082
3.2700	-0.7233	-2.5967	0.5729	0.3054
3.2800	-0.7203	-2.6024	0.5738	0.3025
3.2900	-0.7172	-2.6081	0.5747	0.2996
3.3000	-0.7143	-2.6139	0.5756	0.2968
3.3100	-0.7113	-2.6196	0.5765	0.2939
3.3200	-0.7084	-2.6254	0.5774	0.2911
3.3300	-0.7055	-2.6312	0.5783	0.2883
3.3400	-0.7026	-2.6370	0.5791	0.2855
3.3500	-0.6998	-2.6428	0.5800	0.2828
3.3600	-0.6970	-2.6486	0.5808	0.2801
3.3700	-0.6942	-2.6544	0.5817	0.2774
3.3800	-0.6914	-2.6602	0.5825	0.2748
3.3900	-0.6887	-2.6660	0.5833	0.2723
3.4000	-0.6860	-2.6719	0.5841	0.2697
3.4100	-0.6833	-2.6777	0.5849	0.2673
3.4200	-0.6806	-2.6836	0.5857	0.2648
3.4300	-0.6780	-2.6894	0.5864	0.2625
3.4400	-0.6754	-2.6953	0.5872	0.2601
3.4500	-0.6728	-2.7012	0.5879	0.2578
3.4600	-0.6702	-2.7071	0.5887	0.2556
3.4700	-0.6677	-2.7130	0.5894	0.2534
3.4800	-0.6652	-2.7189	0.5901	0.2512
3.4900	-0.6627	-2.7248	0.5909	0.2491
3.5000	-0.6602	-2.7307	0.5916	0.2470
3.5100	-0.6577	-2.7366	0.5923	0.2450
3.5200	-0.6553	-2.7425	0.5930	0.2430
3.5300	-0.6529	-2.7484	0.5937	0.2410
3.5400	-0.6505	-2.7544	0.5943	0.2391
3.5500	-0.6481	-2.7603	0.5950	0.2373
3.5600	-0.6457	-2.7663	0.5957	0.2355
3.5700	-0.6434	-2.7722	0.5963	0.2337
3.5800	-0.6410	-2.7782	0.5970	0.2320
3.5900	-0.6387	-2.7842	0.5976	0.2303
3.6000	-0.6364	-2.7902	0.5983	0.2287
3.6100	-0.6341	-2.7962	0.5989	0.2271
3.6200	-0.6319	-2.8021	0.5995	0.2255
3.6300	-0.6296	-2.8081	0.6001	0.2240
3.6400	-0.6274	-2.8141	0.6008	0.2224
3.6500	-0.6252	-2.8202	0.6014	0.2209
3.6600	-0.6230	-2.8262	0.6020	0.2193
3.6700	-0.6208	-2.8322	0.6026	0.2178
3.6800	-0.6186	-2.8382	0.6032	0.2163
3.6900	-0.6165	-2.8443	0.6037	0.2147
3.7000	-0.6143	-2.8503	0.6043	0.2132
3.7100	-0.6122	-2.8563	0.6049	0.2116
3.7200	-0.6101	-2.8624	0.6055	0.2101
3.7300	-0.6080	-2.8685	0.6060	0.2085
3.7400	-0.6059	-2.8745	0.6066	0.2069
3.7500	-0.6039	-2.8806	0.6071	0.2053
3.7600	-0.6018	-2.8867	0.6077	0.2037
3.7700	-0.5998	-2.8927	0.6082	0.2021
3.7800	-0.5978	-2.8988	0.6087	0.2005
3.7900	-0.5958	-2.9049	0.6093	0.1989
3.8000	-0.5938	-2.9110	0.6098	0.1973
3.8100	-0.5918	-2.9171	0.6103	0.1958
3.8200	-0.5899	-2.9232	0.6108	0.1942
3.8300	-0.5880	-2.9293	0.6113	0.1926
3.8400	-0.5860	-2.9354	0.6118	0.1911
3.8500	-0.5841	-2.9416	0.6123	0.1896
3.8600	-0.5822	-2.9477	0.6128	0.1881
3.8700	-0.5804	-2.9538	0.6133	0.1866
3.8800	-0.5785	-2.9600	0.6138	0.1852
3.8900	-0.5767	-2.9661	0.6142	0.1838
3.9000	-0.5748	-2.9722	0.6147	0.1824
3.9100	-0.5730	-2.9784	0.6152	0.1810
3.9200	-0.5712	-2.9845	0.6156	0.1797
3.9300	-0.5694	-2.9907	0.6161	0.1785
3.9400	-0.5676	-2.9969	0.6166	0.1772
3.9500	-0.5659	-3.0030	0.6170	0.1760
3.9600	-0.5641	-3.0092	0.6174	0.1748
3.9700	-0.5624	-3.0154	0.6179	0.1737
3.9800	-0.5607	-3.0216	0.6183	0.1725
3.9900	-0.5589	-3.0278	0.6188	0.1714
4.0000	-0.5572	-3.0339	0.6192	0.1704
4.0100	-0.5555	-3.0401	0.6196	0.1693
4.0200	-0.5538	-3.0463	0.6200	0.1683
4.0300	-0.5522	-3.0525	0.6204	0.1672
4.0400	-0.5505	-3.0587	0.6209	0.1662
4.0500	-0.5488	-3.0650	0.6213	0.1652
4.0600	-0.5472	-3.0712	0.6217	0.1642
4.0700	-0.5456	-3.0774	0.6221	0.1632
4.0800	-0.5439	-3.0836	0.6225	0.1623
4.0900	-0.5423	-3.0898	0.6229	0.1613
4.1000	-0.5407	-3.0961	0.6233	0.1603
4.1100	-0.5391	-3.1023	0.6236	0.1593
4.1200	-0.5375	-3.1085	0.6240	0.1584
4.1300	-0.5359	-3.1148	0.6244	0.1574
4.1400	-0.5344	-3.1210	0.6248	0.1564
4.1500	-0.5328	-3.1273	0.6252	0.1554
4.1600	-0.5313	-3.1335	0.6255	0.1545
4.1700	-0.5297	-3.1398	0.6259	0.1535
4.1800	-0.5282	-3.1460	0.6263	0.1525
4.1900	-0.5267	-3.1523	0.6266	0.1515
4.2000	-0.5252	-3.1586	0.6270	0.1506
4.2100	-0.5237	-3.1649	0.6274	0.1496
4.2200	-0.5222	-3.1711	0.6277	0.1486
4.2300	-0.5207	-3.1774	0.6281	0.1476
4.2400	-0.5192	-3.1837	0.6284	0.1467
4.2500	-0.5177	-3.1900	0.6288	0.1457
4.2600	-0.5163	-3.1963	0.6291	0.1448
4.2700	-0.5149	-3.2026	0.6294	0.1438
4.2800	-0.5134	-3.2089	0.6298	0.1429
4.2900	-0.5120	-3.2152	0.6301	0.1420
4.3000	-0.5106	-3.2215	0.6304	0.1411
4.3100	-0.5092	-3.2278	0.6308	0.1402
4.3200	-0.5078	-3.2341	0.6311	0.1393
4.3300	-0.5064	-3.2404	0.6314	0.1384
4.3400	-0.5050	-3.2467	0.6317	0.1375
4.3500	-0.5036	-3.2530	0.6320	0.1367
4.3600	-0.5023	-3.2593	0.6324	0.1358
4.3700	-0.5009	-3.2657	0.6327	0.1350
4.3800	-0.4996	-3.2720	0.6330	0.1342
4.3900	-0.4982	-3.2783	0.6333	0.1334
4.4000	-0.4969	-3.2847	0.6336	0.1326
4.4100	-0.4956	-3.2910	0.6339	0.1318
4.4200	-0.4943	-3.2973	0.6342	0.1310
4.4300	-0.4930	-3.3037	0.6345	0.1303
4.4400	-0.4917	-3.3100	0.6348	0.1295
4.4500	-0.4904	-3.3164	0.6351	0.1288
4.4600	-0.4891	-3.3227	0.6353	0.1281
4.4700	-0.4878	-3.3291	0.6356	0.1274
4.4800	-0.4865	-3.3354	0.6359	0.1267
4.4900	-0.4853	-3.3418	0.6362	0.1260
4.5000	-0.4840	-3.3482	0.6365	0.1253
4.5100	-0.4828	-3.3545	0.6368	0.1247
4.5200	-0.4815	-3.3609	0.6370	0.1240
4.5300	-0.4803	-3.3673	0.6373	0.1234
4.5400	-0.4791	-3.3736	0.6376	0.1227
4.5500	-0.4778	-3.3800	0.6378	0.1221
4.5600	-0.4766	-3.3864	0.6381	0.1215
4.5700	-0.4754	-3.3928	0.6384	0.1209
4.5800	-0.4742	-3.3992	0.6386	0.1203
4.5900	-0.4730	-3.4056	0.6389	0.1197
4.6000	-0.4718	-3.4119	0.6392	0.1191
4.6100	-0.4706	-3.4183	0.6394	0.1185
4.6200	-0.4694	-3.4247	0.6397	0.1179
4.6300	-0.4683	-3.4311	0.6399	0.1173
4.6400	-0.4671	-3.4375	0.6402	0.1167
4.6500	-0.4659	-3.4439	0.6404	0.1162
4.6600	-0.4648	-3.4503	0.6407	0.1156
4.6700	-0.4636	-3.4568	0.6409	0.1150
4.6800	-0.4625	-3.4632	0.6412	0.1145
4.6900	-0.4613	-3.4696	0.6414	0.1139
4.7000	-0.4602	-3.4760	0.6417	0.1134
4.7100	-0.4591	-3.4824	0.6419	0.1128
4.7200	-0.4579	-3.4888	0.6421	0.1122
4.7300	-0.4568	-3.4953	0.6424	0.1117
4.7400	-0.4557	-3.5017	0.6426	0.1112
4.7500	-0.4546	-3.5081	0.6428	0.1106
4.7600	-0.4535	-3.5145	0.6431	0.1101
4.7700	-0.4524	-3.5210	0.6433	0.1095
4.7800	-0.4513	-3.5274	0.6435	0.1090
4.7900	-0.4502	-3.5338	0.6438	0.1085
4.8000	-0.4491	-3.5403	0.6440	0.1079
4.8100	-0.4481	-3.5467	0.6442	0.1074
4.8200	-0.4470	-3.5532	0.6444	0.1069
4.8300	-0.4459	-3.5596	0.6447	0.1064
4.8400	-0.4449	-3.5661	0.6449	0.1058
4.8500	-0.4438	-3.5725	0.6451	0.1053
4.8600	-0.4427	-3.5790	0.6453	0.1048
4.8700	-0.4417	-3.5854	0.6455	0.1043
4.8800	-0.4407	-3.5919	0.6457	0.1038
4.8900	-0.4396	-3.5983	0.6460	0.1033
4.9000	-0.4386	-3.6048	0.6462	0.1028
4.9100	-0.4376	-3.6112	0.6464	0.1023
4.9200	-0.4365	-3.6177	0.6466	0.1018
4.9300	-0.4355	-3.6242	0.6468	0.1013
4.9400	-0.4345	-3.6306	0.6470	0.1008
4.9500	-0.4335	-3.6371	0.6472	0.1004
4.9600	-0.4325	-3.6436	0.6474	0.0999
4.9700	-0.4315	-3.6501	0.6476	0.0994
4.9800	-0.4305	-3.6565	0.6478	0.0989
4.9900	-0.4295	-3.6630	0.6480	0.0985
5.0000	-0.4286	-3.6695	0.6482	0.0980
5.0100	-0.4276	-3.6760	0.6484	0.0976
5.0200	-0.4266	-3.6825	0.6486	0.0971
5.0300	-0.4256	-3.6890	0.6488	0.0966
5.0400	-0.4247	-3.6954	0.6490	0.0962
5.0500	-0.4237	-3.7019	0.6492	0.0957
5.0600	-0.4228	-3.7084	0.6493	0.0953
5.0700	-0.4218	-3.7149	0.6495	0.0949
5.0800	-0.4209	-3.7214	0.6497	0.0944
5.0900	-0.4199	-3.7279	0.6499	0.0940
5.1000	-0.4190	-3.7344	0.6501	0.0936
5.1100	-0.4180	-3.7409	0.6503	0.0931
5.1200	-0.4171	-3.7474	0.6505	0.0927
5.1300	-0.4162	-3.7539	0.6506	0.0923
5.1400	-0.4153	-3.7604	0.6508	0.0919
5.1500	-0.4144	-3.7669	0.6510	0.0914
5.1600	-0.4134	-3.7735	0.6512	0.0910
5.1700	-0.4125	-3.7800	0.6513	0.0906
5.1800	-0.4116	-3.7865	0.6515	0.0902
5.1900	-0.4107	-3.7930	0.6517	0.0898
5.2000	-0.4098	-3.7995	0.6519	0.0894
5.2100	-0.4089	-3.8060	0.6520	0.0890
5.2200	-0.4081	-3.8126	0.6522	0.0886
5.2300	-0.4072	-3.8191	0.6524	0.0882
5.2400	-0.4063	-3.8256	0.6525	0.0878
5.2500	-0.4054	-3.8321	0.6527	0.0874
5.2600	-0.4045	-3.8387	0.6529	0.0870
5.2700	-0.4037	-3.8452	0.6530	0.0867
5.2800	-0.4028	-3.8517	0.6532	0.0863
5.2900	-0.4019	-3.8583	0.6534	0.0859
5.3000	-0.4011	-3.8648	0.6535	0.0855
5.3100	-0.4002	-3.8713	0.6537	0.0851
5.3200	-0.3994	-3.8779	0.6538	0.0848
5.3300	-0.3985	-3.8844	0.6540	0.0844
5.3400	-0.3977	-3.8909	0.6542	0.0840
5.3500	-0.3969	-3.8975	0.6543	0.0837
5.3600	-0.3960	-3.9040	0.6545	0.0833
5.3700	-0.3952	-3.9106	0.6546	0.0829
5.3800	-0.3944	-3.9171	0.6548	0.0826
5.3900	-0.3935	-3.9237	0.6549	0.0822
5.4000	-0.3927	-3.9302	0.6551	0.0819
5.4100	-0.3919	-3.9368	0.6552	0.0815
5.4200	-0.3911	-3.9433	0.6554	0.0812
5.4300	-0.3903	-3.9499	0.6555	0.0808
5.4400	-0.3895	-3.9564	0.6557	0.0805
5.4500	-0.3887	-3.9630	0.6558	0.0801
5.4600	-0.3879	-3.9695	0.6560	0.0798
5.4700	-0.3871	-3.9761	0.6561	0.0794
5.4800	-0.3863	-3.9827	0.6563	0.0791
5.4900	-0.3855	-3.9892	0.6564	0.0788
5.5000	-0.3847	-3.9958	0.6566	0.0784
5.5100	-0.3839	-4.0024	0.6567	0.0781
5.5200	-0.3831	-4.0089	0.6568	0.0778
5.5300	-0.3824	-4.0155	0.6570	0.0774
5.5400	-0.3816	-4.0221	0.6571	0.0771
5.5500	-0.3808	-4.0286	0.6573	0.0768
5.5600	-0.3801	-4.0352	0.6574	0.0764
5.5700	-0.3793	-4.0418	0.6575	0.0761
5.5800	-0.3785	-4.0484	0.6577	0.0758
5.5900	-0.3778	-4.0549	0.6578	0.0755
5.6000	-0.3770	-4.0615	0.6579	0.0751
5.6100	-0.3763	-4.0681	0.6581	0.0748
5.6200	-0.3755	-4.0747	0.6582	0.0745
5.6300	-0.3748	-4.0813	0.6583	0.0742
5.6400	-0.3741	-4.0879	0.6585	0.0739
5.6500	-0.3733	-4.0944	0.6586	0.0736
5.6600	-0.3726	-4.1010	0.6587	0.0733
5.6700	-0.3718	-4.1076	0.6589	0.0730
5.6800	-0.3711	-4.1142	0.6590	0.0727
5.6900	-0.3704	-4.1208	0.6591	0.0724
5.7000	-0.3697	-4.1274	0.6592	0.0721
5.7100	-0.3690	-4.1340	0.6594	0.0718
5.7200	-0.3682	-4.1406	0.6595	0.0715
5.7300	-0.3675	-4.1472	0.6596	0.0712
5.7400	-0.3668	-4.1538	0.6597	0.0709
5.7500	-0.3661	-4.1604	0.6599	0.0706
5.7600	-0.3654	-4.1670	0.6600	0.0703
5.7700	-0.3647	-4.1736	0.6601	0.0700
5.7800	-0.3640	-4.1802	0.6602	0.0697
5.7900	-0.3633	-4.1868	0.6604	0.0694
5.8000	-0.3626	-4.1934	0.6605	0.0692
5.8100	-0.3619	-4.2000	0.6606	0.0689
5.8200	-0.3612	-4.2066	0.6607	0.0686
5.8300	-0.3606	-4.2132	0.6608	0.0683
5.8400	-0.3599	-4.2198	0.6609	0.0681
5.8500	-0.3592	-4.2264	0.6611	0.0678
5.8600	-0.3585	-4.2330	0.6612	0.0675
5.8700	-0.3578	-4.2396	0.6613	0.0672
5.8800	-0.3572	-4.2462	0.6614	0.0670
5.8900	-0.3565	-4.2529	0.6615	0.0667
5.9000	-0.3558	-4.2595	0.6616	0.0665
5.9100	-0.3552	-4.2661	0.6617	0.0662
5.9200	-0.3545	-4.2727	0.6619	0.0659
5.9300	-0.3539	-4.2793	0.6620	0.0657
5.9400	-0.3532	-4.2860	0.6621	0.0654
5.9500	-0.3525	-4.2926	0.6622	0.0652
5.9600	-0.3519	-4.2992	0.6623	0.0649
5.9700	-0.3512	-4.3058	0.6624	0.0647
5.9800	-0.3506	-4.3124	0.6625	0.0644
5.9900	-0.3500	-4.3191	0.6626	0.0642
6.0000	-0.3493	-4.3257	0.6627	0.0640
6.0100	-0.3487	-4.3323	0.6628	0.0637
6.0200	-0.3480	-4.3390	0.6629	0.0635
6.0300	-0.3474	-4.3456	0.6630	0.0632
6.0400	-0.3468	-4.3522	0.6632	0.0630
6.0500	-0.3461	-4.3588	0.6633	0.0628
6.0600	-0.3455	-4.3655	0.6634	0.0625
6.0700	-0.3449	-4.3721	0.6635	0.0623
6.0800	-0.3443	-4.3787	0.6636	0.0621
6.0900	-0.3437	-4.3854	0.6637	0.0618
6.1000	-0.3430	-4.3920	0.6638	0.0616
6.1100	-0.3424	-4.3987	0.6639	0.0614
6.1200	-0.3418	-4.4053	0.6640	0.0612
6.1300	-0.3412	-4.4119	0.6641	0.0609
6.1400	-0.3406	-4.4186	0.6642	0.0607
6.1500	-0.3400	-4.4252	0.6643	0.0605
6.1600	-0.3394	-4.4319	0.6644	0.0603
6.1700	-0.3388	-4.4385	0.6645	0.0601
6.1800	-0.3382	-4.4452	0.6646	0.0598
6.1900	-0.3376	-4.4518	0.6647	0.0596
6.2000	-0.3370	-4.4584	0.6648	0.0594
6.2100	-0.3364	-4.4651	0.6648	0.0592
6.2200	-0.3358	-4.4717	0.6649	0.0590
6.2300	-0.3352	-4.4784	0.6650	0.0588
6.2400	-0.3346	-4.4850	0.6651	0.0586
6.2500	-0.3340	-4.4917	0.6652	0.0584
6.2600	-0.3335	-4.4984	0.6653	0.0581
6.2700	-0.3329	-4.5050	0.6654	0.0579
6.2800	-0.3323	-4.5117	0.6655	0.0577
6.2900	-0.3317	-4.5183	0.6656	0.0575
6.3000	-0.3312	-4.5250	0.6657	0.0573
6.3100	-0.3306	-4.5316	0.6658	0.0571
6.3200	-0.3300	-4.5383	0.6659	0.0569
6.3300	-0.3294	-4.5449	0.6660	0.0567
6.3400	-0.3289	-4.5516	0.6660	0.0565
6.3500	-0.3283	-4.5583	0.6661	0.0563
6.3600	-0.3278	-4.5649	0.6662	0.0561
6.3700	-0.3272	-4.5716	0.6663	0.0559
6.3800	-0.3266	-4.5783	0.6664	0.0557
6.3900	-0.3261	-4.5849	0.6665	0.0555
6.4000	-0.3255	-4.5916	0.6666	0.0553
6.4100	-0.3250	-4.5983	0.6667	0.0551
6.4200	-0.3244	-4.6049	0.6667	0.0549
6.4300	-0.3239	-4.6116	0.6668	0.0547
6.4400	-0.3233	-4.6183	0.6669	0.0545
6.4500	-0.3228	-4.6249	0.6670	0.0543
6.4600	-0.3222	-4.6316	0.6671	0.0541
6.4700	-0.3217	-4.6383	0.6672	0.0540
6.4800	-0.3212	-4.6449	0.6672	0.0538
6.4900	-0.3206	-4.6516	0.6673	0.0536
6.5000	-0.3201	-4.6583	0.6674	0.0534
6.5100	-0.3196	-4.6650	0.6675	0.0532
6.5200	-0.3190	-4.6716	0.6676	0.0530
6.5300	-0.3185	-4.6783	0.6677	0.0528
6.5400	-0.3180	-4.6850	0.6677	0.0526
6.5500	-0.3174	-4.6917	0.6678	0.0525
6.5600	-0.3169	-4.6983	0.6679	0.0523
6.5700	-0.3164	-4.7050	0.6680	0.0521
6.5800	-0.3159	-4.7117	0.6681	0.0519
6.5900	-0.3154	-4.7184	0.6681	0.0517
6.6000	-0.3148	-4.7251	0.6682	0.0516
6.6100	-0.3143	-4.7317	0.6683	0.0514
6.6200	-0.3138	-4.7384	0.6684	0.0512
6.6300	-0.3133	-4.7451	0.6684	0.0510
6.6400	-0.3128	-4.7518	0.6685	0.0508
6.6500	-0.3123	-4.7585	0.6686	0.0507
6.6600	-0.3118	-4.7652	0.6687	0.0505
6.6700	-0.3113	-4.7719	0.6688	0.0503
6.6800	-0.3108	-4.7785	0.6688	0.0502
6.6900	-0.3103	-4.7852	0.6689	0.0500
6.7000	-0.3098	-4.7919	0.6690	0.0498
6.7100	-0.3093	-4.7986	0.6691	0.0496
6.7200	-0.3088	-4.8053	0.6691	0.0495
6.7300	-0.3083	-4.8120	0.6692	0.0493
6.7400	-0.3078	-4.8187	0.6693	0.0491
6.7500	-0.3073	-4.8254	0.6693	0.0490
6.7600	-0.3068	-4.8321	0.6694	0.0488
6.7700	-0.3063	-4.8388	0.6695	0.0487
6.7800	-0.3058	-4.8455	0.6696	0.0485
6.7900	-0.3054	-4.8522	0.6696	0.0483
6.8000	-0.3049	-4.8589	0.6697	0.0482
6.8100	-0.3044	-4.8656	0.6698	0.0480
6.8200	-0.3039	-4.8723	0.6698	0.0479
6.8300	-0.3034	-4.8790	0.6699	0.0477
6.8400	-0.3030	-4.8857	0.6700	0.0475
6.8500	-0.3025	-4.8924	0.6701	0.0474
6.8600	-0.3020	-4.8991	0.6701	0.0472
6.8700	-0.3015	-4.9058	0.6702	0.0471
6.8800	-0.3011	-4.9125	0.6703	0.0469
6.8900	-0.3006	-4.9192	0.6703	0.0468
6.9000	-0.3001	-4.9259	0.6704	0.0466
6.9100	-0.2997	-4.9326	0.6705	0.0465
6.9200	-0.2992	-4.9393	0.6705	0.0463
6.9300	-0.2987	-4.9460	0.6706	0.0462
6.9400	-0.2983	-4.9527	0.6707	0.0460
6.9500	-0.2978	-4.9594	0.6707	0.0459
6.9600	-0.2974	-4.9661	0.6708	0.0457
6.9700	-0.2969	-4.9728	0.6709	0.0456
6.9800	-0.2965	-4.9795	0.6709	0.0455
6.9900	-0.2960	-4.9862	0.6710	0.0453
7.0000	-0.2955	-4.9929	0.6711	0.0452
7.0100	-0.2951	-4.9997	0.6711	0.0450
7.0200	-0.2946	-5.0064	0.6712	0.0449
7.0300	-0.2942	-5.0131	0.6712	0.0448
7.0400	-0.2938	-5.0198	0.6713	0.0446
7.0500	-0.2933	-5.0265	0.6714	0.0445
7.0600	-0.2929	-5.0332	0.6714	0.0443
7.0700	-0.2924	-5.0399	0.6715	0.0442
7.0800	-0.2920	-5.0466	0.6716	0.0441
7.0900	-0.2915	-5.0534	0.6716	0.0439
7.1000	-0.2911	-5.0601	0.6717	0.0438
7.1100	-0.2907	-5.0668	0.6717	0.0437
7.1200	-0.2902	-5.0735	0.6718	0.0435
7.1300	-0.2898	-5.0802	0.6719	0.0434
7.1400	-0.2894	-5.0869	0.6719	0.0433
7.1500	-0.2889	-5.0937	0.6720	0.0432
7.1600	-0.2885	-5.1004	0.6721	0.0430
7.1700	-0.2881	-5.1071	0.6721	0.0429
7.1800	-0.2876	-5.1138	0.6722	0.0428
7.1900	-0.2872	-5.1206	0.6722	0.0426
7.2000	-0.2868	-5.1273	0.6723	0.0425
7.2100	-0.2864	-5.1340	0.6723	0.0424
7.2200	-0.2859	-5.1407	0.6724	0.0423
7.2300	-0.2855	-5.1474	0.6725	0.0421
7.2400	-0.2851	-5.1542	0.6725	0.0420
7.2500	-0.2847	-5.1609	0.6726	0.0419
7.2600	-0.2843	-5.1676	0.6726	0.0418
7.2700	-0.2838	-5.1744	0.6727	0.0416
7.2800	-0.2834	-5.1811	0.6728	0.0415
7.2900	-0.2830	-5.1878	0.6728	0.0414
7.3000	-0.2826	-5.1945	0.6729	0.0413
7.3100	-0.2822	-5.2013	0.6729	0.0412
7.3200	-0.2818	-5.2080	0.6730	0.0410
7.3300	-0.2814	-5.2147	0.6730	0.0409
7.3400	-0.2810	-5.2215	0.6731	0.0408
7.3500	-0.2805	-5.2282	0.6731	0.0407
7.3600	-0.2801	-5.2349	0.6732	0.0406
7.3700	-0.2797	-5.2416	0.6733	0.0405
7.3800	-0.2793	-5.2484	0.6733	0.0403
7.3900	-0.2789	-5.2551	0.6734	0.0402
7.4000	-0.2785	-5.2618	0.6734	0.0401
7.4100	-0.2781	-5.2686	0.6735	0.0400
7.4200	-0.2777	-5.2753	0.6735	0.0399
7.4300	-0.2773	-5.2821	0.6736	0.0398
7.4400	-0.2769	-5.2888	0.6736	0.0396
7.4500	-0.2765	-5.2955	0.6737	0.0395
7.4600	-0.2761	-5.3023	0.6737	0.0394
7.4700	-0.2757	-5.3090	0.6738	0.0393
7.4800	-0.2754	-5.3157	0.6738	0.0392
7.4900	-0.2750	-5.3225	0.6739	0.0391
7.5000	-0.2746	-5.3292	0.6740	0.0390
7.5100	-0.2742	-5.3360	0.6740	0.0389
7.5200	-0.2738	-5.3427	0.6741	0.0387
7.5300	-0.2734	-5.3494	0.6741	0.0386
7.5400	-0.2730	-5.3562	0.6742	0.0385
7.5500	-0.2726	-5.3629	0.6742	0.0384
7.5600	-0.2723	-5.3697	0.6743	0.0383
7.5700	-0.2719	-5.3764	0.6743	0.0382
7.5800	-0.2715	-5.3832	0.6744	0.0381
7.5900	-0.2711	-5.3899	0.6744	0.0380
7.6000	-0.2707	-5.3966	0.6745	0.0379
7.6100	-0.2704	-5.4034	0.6745	0.0378
7.6200	-0.2700	-5.4101	0.6746	0.0377
7.6300	-0.2696	-5.4169	0.6746	0.0376
7.6400	-0.2692	-5.4236	0.6747	0.0374
7.6500	-0.2688	-5.4304	0.6747	0.0373
7.6600	-0.2685	-5.4371	0.6748	0.0372
7.6700	-0.2681	-5.4439	0.6748	0.0371
7.6800	-0.2677	-5.4506	0.6749	0.0370
7.6900	-0.2674	-5.4574	0.6749	0.0369
7.7000	-0.2670	-5.4641	0.6749	0.0368
7.7100	-0.2666	-5.4709	0.6750	0.0367
7.7200	-0.2663	-5.4776	0.6750	0.0366
7.7300	-0.2659	-5.4844	0.6751	0.0365
7.7400	-0.2655	-5.4911	0.6751	0.0364
7.7500	-0.2652	-5.4979	0.6752	0.0363
7.7600	-0.2648	-5.5046	0.6752	0.0362
7.7700	-0.2644	-5.5114	0.6753	0.0361
7.7800	-0.2641	-5.5181	0.6753	0.0360
7.7900	-0.2637	-5.5249	0.6754	0.0359
7.8000	-0.2634	-5.5316	0.6754	0.0358
7.8100	-0.2630	-5.5384	0.6755	0.0357
7.8200	-0.2627	-5.5451	0.6755	0.0356
7.8300	-0.2623	-5.5519	0.6756	0.0355
7.8400	-0.2619	-5.5586	0.6756	0.0354
7.8500	-0.2616	-5.5654	0.6756	0.0353
7.8600	-0.2612	-5.5722	0.6757	0.0352
7.8700	-0.2609	-5.5789	0.6757	0.0351
7.8800	-0.2605	-5.5857	0.6758	0.0350
7.8900	-0.2602	-5.5924	0.6758	0.0349
7.9000	-0.2598	-5.5992	0.6759	0.0348
7.9100	-0.2595	-5.6060	0.6759	0.0347
7.9200	-0.2591	-5.6127	0.6760	0.0346
7.9300	-0.2588	-5.6195	0.6760	0.0345
7.9400	-0.2585	-5.6262	0.6760	0.0344
7.9500	-0.2581	-5.6330	0.6761	0.0343
7.9600	-0.2578	-5.6398	0.6761	0.0342
7.9700	-0.2574	-5.6465	0.6762	0.0341
7.9800	-0.2571	-5.6533	0.6762	0.0340
7.9900	-0.2567	-5.6600	0.6763	0.0339
8.0000	-0.2564	-5.6668	0.6763	0.0338
