T	Ut	Ft	St	Ct
0.0100	-nan	-inf	-nan	-nan
0.0200	-2.0000	-2.0000	0.0000	0.0000
0.0300	-2.0000	-2.0000	0.0000	0.0000
0.0400	-2.0000	-2.0000	0.0000	0.0000
0.0500	-2.0000	-2.0000	0.0000	0.0000
0.0600	-2.0000	-2.0000	0.0000	0.0000
0.0700	-2.0000	-2.0000	0.0000	0.0000
0.0800	-2.0000	-2.0000	0.0000	0.0000
0.0900	-2.0000	-2.0000	-0.0000	0.0000
0.1000	-2.0000	-2.0000	0.0000	0.0000
0.1100	-2.0000	-2.0000	0.0000	0.0000
0.1200	-2.0000	-2.0000	0.0000	0.0000
0.1300	-2.0000	-2.0000	0.0000	0.0000
0.1400	-2.0000	-2.0000	0.0000	0.0000
0.1500	-2.0000	-2.0000	0.0000	0.0000
0.1600	-2.0000	-2.0000	0.0000	0.0000
0.1700	-2.0000	-2.0000	0.0000	0.0000
0.1800	-2.0000	-2.0000	0.0000	0.0000
0.1900	-2.0000	-2.0000	-0.0000	0.0000
0.2000	-2.0000	-2.0000	0.0000	0.0000
0.2100	-2.0000	-2.0000	0.0000	-0.0000
0.2200	-2.0000	-2.0000	0.0000	0.0000
0.2300	-2.0000	-2.0000	0.0000	0.0000
0.2400	-2.0000	-2.0000	0.0000	-0.0000
0.2500	-2.0000	-2.0000	0.0000	0.0000
0.2600	-2.0000	-2.0000	0.0000	0.0000
0.2700	-2.0000	-2.0000	0.0000	0.0000
0.2800	-2.0000	-2.0000	0.0000	0.0000
0.2900	-2.0000	-2.0000	0.0000	0.0000
0.3000	-2.0000	-2.0000	0.0000	0.0000
0.3100	-2.0000	-2.0000	0.0000	0.0000
0.3200	-2.0000	-2.0000	0.0000	0.0000
0.3300	-2.0000	-2.0000	0.0000	0.0000
0.3400	-2.0000	-2.0000	0.0000	0.0000
0.3500	-2.0000	-2.0000	0.0000	0.0000
0.3600	-2.0000	-2.0000	0.0000	0.0000
0.3700	-2.0000	-2.0000	0.0000	0.0000
0.3800	-2.0000	-2.0000	0.0000	0.0000
0.3900	-2.0000	-2.0000	0.0000	0.0000
0.4000	-2.0000	-2.0000	0.0000	0.0000
0.4100	-2.0000	-2.0000	0.0000	0.0000
0.4200	-2.0000	-2.0000	0.0000	0.0000
0.4300	-2.0000	-2.0000	0.0000	0.0000
0.4400	-2.0000	-2.0000	0.0000	0.0000
0.4500	-2.0000	-2.0000	0.0000	0.0000
0.4600	-2.0000	-2.0000	0.0000	0.0000
0.4700	-2.0000	-2.0000	0.0000	0.0000
0.4800	-2.0000	-2.0000	0.0000	0.0000
0.4900	-2.0000	-2.0000	0.0000	0.0000
0.5000	-2.0000	-2.0000	0.0000	0.0000
0.5100	-2.0000	-2.0000	0.0000	0.0000
0.5200	-2.0000	-2.0000	0.0000	0.0000
0.5300	-2.0000	-2.0000	0.0000	0.0001
0.5400	-2.0000	-2.0000	0.0000	0.0001
0.5500	-2.0000	-2.0000	0.0000	0.0001
0.5600	-2.0000	-2.0000	0.0000	0.0001
0.5700	-2.0000	-2.0000	0.0000	0.0002
0.5800	-2.0000	-2.0000	0.0000	0.0002
0.5900	-2.0000	-2.0000	0.0000	0.0002
0.6000	-2.0000	-2.0000	0.0000	0.0003
0.6100	-2.0000	-2.0000	0.0000	0.0003
0.6200	-2.0000	-2.0000	0.0000	0.0004
0.6300	-2.0000	-2.0000	0.0000	0.0005
0.6400	-2.0000	-2.0000	0.0000	0.0006
0.6500	-2.0000	-2.0000	0.0001	0.0007
0.6600	-2.0000	-2.0000	0.0001	0.0008
0.6700	-1.9999	-2.0000	0.0001	0.0009
0.6800	-1.9999	-2.0000	0.0001	0.0011
0.6900	-1.9999	-2.0000	0.0001	0.0012
0.7000	-1.9999	-2.0000	0.0001	0.0014
0.7100	-1.9999	-2.0000	0.0002	0.0016
0.7200	-1.9999	-2.0000	0.0002	0.0018
0.7300	-1.9999	-2.0000	0.0002	0.0021
0.7400	-1.9998	-2.0000	0.0002	0.0023
0.7500	-1.9998	-2.0000	0.0003	0.0026
0.7600	-1.9998	-2.0000	0.0003	0.0029
0.7700	-1.9998	-2.0000	0.0003	0.0033
0.7800	-1.9997	-2.0000	0.0004	0.0037
0.7900	-1.9997	-2.0000	0.0004	0.0041
0.8000	-1.9996	-2.0000	0.0005	0.0045
0.8100	-1.9996	-2.0000	0.0006	0.0050
0.8200	-1.9995	-2.0000	0.0006	0.0055
0.8300	-1.9995	-2.0001	0.0007	0.0061
0.8400	-1.9994	-2.0001	0.0008	0.0067
0.8500	-1.9994	-2.0001	0.0008	0.0073
0.8600	-1.9993	-2.0001	0.0009	0.0080
0.8700	-1.9992	-2.0001	0.0010	0.0087
0.8800	-1.9991	-2.0001	0.0011	0.0094
0.8900	-1.9990	-2.0001	0.0012	0.0102
0.9000	-1.9989	-2.0001	0.0014	0.0111
0.9100	-1.9988	-2.0001	0.0015	0.0120
0.9200	-1.9987	-2.0002	0.0016	0.0130
0.9300	-1.9985	-2.0002	0.0018	0.0140
0.9400	-1.9984	-2.0002	0.0019	0.0150
0.9500	-1.9982	-2.0002	0.0021	0.0161
0.9600	-1.9981	-2.0002	0.0023	0.0173
0.9700	-1.9979	-2.0003	0.0025	0.0185
0.9800	-1.9977	-2.0003	0.0026	0.0198
0.9900	-1.9975	-2.0003	0.0029	0.0212
1.0000	-1.9973	-2.0003	0.0031	0.0226
1.0100	-1.9970	-2.0004	0.0033	0.0241
1.0200	-1.9968	-2.0004	0.0036	0.0256
1.0300	-1.9965	-2.0004	0.0038	0.0272
1.0400	-1.9962	-2.0005	0.0041	0.0289
1.0500	-1.9959	-2.0005	0.0044	0.0306
1.0600	-1.9956	-2.0006	0.0047	0.0324
1.0700	-1.9953	-2.0006	0.0050	0.0343
1.0800	-1.9949	-2.0007	0.0053	0.0363
1.0900	-1.9946	-2.0007	0.0057	0.0383
1.1000	-1.9942	-2.0008	0.0060	0.0404
1.1100	-1.9938	-2.0008	0.0064	0.0426
1.1200	-1.9933	-2.0009	0.0068	0.0449
1.1300	-1.9929	-2.0010	0.0072	0.0472
1.1400	-1.9924	-2.0011	0.0076	0.0496
1.1500	-1.9919	-2.0011	0.0081	0.0522
1.1600	-1.9913	-2.0012	0.0085	0.0547
1.1700	-1.9908	-2.0013	0.0090	0.0574
1.1800	-1.9902	-2.0014	0.0095	0.0602
1.1900	-1.9896	-2.0015	0.0100	0.0631
1.2000	-1.9889	-2.0016	0.0106	0.0660
1.2100	-1.9882	-2.0017	0.0111	0.0690
1.2200	-1.9875	-2.0018	0.0117	0.0721
1.2300	-1.9868	-2.0019	0.0123	0.0754
1.2400	-1.9860	-2.0021	0.0129	0.0787
1.2500	-1.9852	-2.0022	0.0136	0.0821
1.2600	-1.9844	-2.0023	0.0142	0.0855
1.2700	-1.9835	-2.0025	0.0149	0.0891
1.2800	-1.9826	-2.0026	0.0156	0.0928
1.2900	-1.9817	-2.0028	0.0164	0.0965
1.3000	-1.9807	-2.0030	0.0171	0.1003
1.3100	-1.9797	-2.0031	0.0179	0.1043
1.3200	-1.9786	-2.0033	0.0187	0.1083
1.3300	-1.9775	-2.0035	0.0196	0.1124
1.3400	-1.9763	-2.0037	0.0204	0.1165
1.3500	-1.9752	-2.0039	0.0213	0.1208
1.3600	-1.9739	-2.0041	0.0222	0.1252
1.3700	-1.9727	-2.0044	0.0231	0.1296
1.3800	-1.9713	-2.0046	0.0241	0.1341
1.3900	-1.9700	-2.0048	0.0251	0.1387
1.4000	-1.9686	-2.0051	0.0261	0.1434
1.4100	-1.9671	-2.0054	0.0271	0.1482
1.4200	-1.9656	-2.0056	0.0282	0.1531
1.4300	-1.9640	-2.0059	0.0293	0.1581
1.4400	-1.9624	-2.0062	0.0304	0.1632
1.4500	-1.9608	-2.0065	0.0316	0.1683
1.4600	-1.9591	-2.0069	0.0327	0.1736
1.4700	-1.9573	-2.0072	0.0339	0.1790
1.4800	-1.9555	-2.0075	0.0352	0.1845
1.4900	-1.9536	-2.0079	0.0364	0.1901
1.5000	-1.9517	-2.0083	0.0377	0.1958
1.5100	-1.9497	-2.0087	0.0390	0.2017
1.5200	-1.9476	-2.0090	0.0404	0.2076
1.5300	-1.9455	-2.0095	0.0418	0.2137
1.5400	-1.9434	-2.0099	0.0432	0.2199
1.5500	-1.9411	-2.0103	0.0446	0.2262
1.5600	-1.9388	-2.0108	0.0461	0.2326
1.5700	-1.9365	-2.0112	0.0476	0.2392
1.5800	-1.9341	-2.0117	0.0492	0.2459
1.5900	-1.9316	-2.0122	0.0507	0.2527
1.6000	-1.9290	-2.0127	0.0523	0.2596
1.6100	-1.9264	-2.0133	0.0540	0.2667
1.6200	-1.9237	-2.0138	0.0556	0.2739
1.6300	-1.9209	-2.0144	0.0574	0.2812
1.6400	-1.9181	-2.0150	0.0591	0.2887
1.6500	-1.9151	-2.0156	0.0609	0.2963
1.6600	-1.9121	-2.0162	0.0627	0.3041
1.6700	-1.9090	-2.0168	0.0645	0.3121
1.6800	-1.9059	-2.0175	0.0664	0.3203
1.6900	-1.9026	-2.0182	0.0684	0.3286
1.7000	-1.8993	-2.0188	0.0703	0.3372
1.7100	-1.8959	-2.0196	0.0723	0.3461
1.7200	-1.8924	-2.0203	0.0744	0.3552
1.7300	-1.8888	-2.0210	0.0765	0.3646
1.7400	-1.8851	-2.0218	0.0786	0.3742
1.7500	-1.8813	-2.0226	0.0808	0.3842
1.7600	-1.8774	-2.0234	0.0830	0.3945
1.7700	-1.8734	-2.0243	0.0852	0.4052
1.7800	-1.8693	-2.0251	0.0875	0.4162
1.7900	-1.8651	-2.0260	0.0899	0.4275
1.8000	-1.8608	-2.0269	0.0923	0.4392
1.8100	-1.8563	-2.0279	0.0948	0.4513
1.8200	-1.8517	-2.0288	0.0973	0.4637
1.8300	-1.8470	-2.0298	0.0999	0.4764
1.8400	-1.8422	-2.0308	0.1025	0.4895
1.8500	-1.8372	-2.0319	0.1052	0.5029
1.8600	-1.8321	-2.0329	0.1080	0.5166
1.8700	-1.8269	-2.0340	0.1108	0.5306
1.8800	-1.8215	-2.0352	0.1136	0.5448
1.8900	-1.8160	-2.0363	0.1166	0.5594
1.9000	-1.8103	-2.0375	0.1196	0.5741
1.9100	-1.8045	-2.0387	0.1226	0.5891
1.9200	-1.7986	-2.0399	0.1257	0.6043
1.9300	-1.7924	-2.0412	0.1289	0.6198
1.9400	-1.7862	-2.0425	0.1321	0.6354
1.9500	-1.7797	-2.0439	0.1355	0.6513
1.9600	-1.7731	-2.0452	0.1388	0.6674
1.9700	-1.7664	-2.0466	0.1423	0.6838
1.9800	-1.7595	-2.0481	0.1458	0.7005
1.9900	-1.7524	-2.0495	0.1493	0.7176
2.0000	-1.7451	-2.0511	0.1530	0.7351
2.0100	-1.7377	-2.0526	0.1567	0.7532
2.0200	-1.7300	-2.0542	0.1605	0.7719
2.0300	-1.7222	-2.0558	0.1643	0.7913
2.0400	-1.7142	-2.0575	0.1683	0.8115
2.0500	-1.7060	-2.0592	0.1723	0.8327
2.0600	-1.6975	-2.0609	0.1764	0.8551
2.0700	-1.6889	-2.0627	0.1806	0.8786
2.0800	-1.6800	-2.0645	0.1849	0.9036
2.0900	-1.6708	-2.0664	0.1893	0.9302
2.1000	-1.6614	-2.0683	0.1938	0.9585
2.1100	-1.6516	-2.0703	0.1984	0.9887
2.1200	-1.6416	-2.0723	0.2032	1.0210
2.1300	-1.6312	-2.0743	0.2081	1.0555
2.1400	-1.6205	-2.0765	0.2131	1.0924
2.1500	-1.6093	-2.0786	0.2183	1.1319
2.1600	-1.5978	-2.0808	0.2236	1.1740
2.1700	-1.5859	-2.0831	0.2291	1.2187
2.1800	-1.5734	-2.0854	0.2348	1.2661
2.1900	-1.5605	-2.0878	0.2408	1.3158
2.2000	-1.5471	-2.0902	0.2469	1.3676
2.2100	-1.5332	-2.0927	0.2532	1.4209
2.2200	-1.5187	-2.0953	0.2597	1.4749
2.2300	-1.5037	-2.0979	0.2665	1.5285
2.2400	-1.4881	-2.1006	0.2734	1.5803
2.2500	-1.4721	-2.1034	0.2806	1.6289
2.2600	-1.4556	-2.1062	0.2879	1.6723
2.2700	-1.4387	-2.1091	0.2954	1.7090
2.2800	-1.4214	-2.1121	0.3029	1.7371
2.2900	-1.4039	-2.1152	0.3106	1.7553
2.3000	-1.3863	-2.1183	0.3183	1.7625
2.3100	-1.3687	-2.1216	0.3259	1.7585
2.3200	-1.3512	-2.1249	0.3335	1.7432
2.3300	-1.3339	-2.1282	0.3409	1.7173
2.3400	-1.3169	-2.1317	0.3482	1.6821
2.3500	-1.3003	-2.1352	0.3553	1.6392
2.3600	-1.2841	-2.1388	0.3621	1.5902
2.3700	-1.2685	-2.1424	0.3688	1.5370
2.3800	-1.2534	-2.1462	0.3751	1.4812
2.3900	-1.2389	-2.1499	0.3812	1.4243
2.4000	-1.2249	-2.1538	0.3870	1.3677
2.4100	-1.2115	-2.1577	0.3926	1.3124
2.4200	-1.1987	-2.1616	0.3979	1.2590
2.4300	-1.1863	-2.1656	0.4030	1.2082
2.4400	-1.1745	-2.1697	0.4079	1.1602
2.4500	-1.1631	-2.1738	0.4125	1.1152
2.4600	-1.1522	-2.1779	0.4170	1.0732
2.4700	-1.1416	-2.1821	0.4213	1.0342
2.4800	-1.1315	-2.1864	0.4254	0.9980
2.4900	-1.1217	-2.1906	0.4293	0.9645
2.5000	-1.1122	-2.1950	0.4331	0.9335
2.5100	-1.1030	-2.1993	0.4368	0.9048
2.5200	-1.0941	-2.2037	0.4403	0.8782
2.5300	-1.0854	-2.2081	0.4437	0.8535
2.5400	-1.0770	-2.2126	0.4471	0.8306
2.5500	-1.0688	-2.2171	0.4503	0.8093
2.5600	-1.0608	-2.2216	0.4534	0.7894
2.5700	-1.0530	-2.2261	0.4565	0.7708
2.5800	-1.0454	-2.2307	0.4594	0.7534
2.5900	-1.0379	-2.2353	0.4623	0.7371
2.6000	-1.0306	-2.2399	0.4651	0.7217
2.6100	-1.0235	-2.2446	0.4679	0.7072
2.6200	-1.0165	-2.2493	0.4705	0.6934
2.6300	-1.0096	-2.2540	0.4732	0.6804
2.6400	-1.0029	-2.2588	0.4757	0.6680
2.6500	-0.9963	-2.2635	0.4782	0.6561
2.6600	-0.9898	-2.2683	0.4807	0.6448
2.6700	-0.9834	-2.2731	0.4831	0.6339
2.6800	-0.9771	-2.2780	0.4854	0.6235
2.6900	-0.9709	-2.2829	0.4877	0.6134
2.7000	-0.9648	-2.2877	0.4900	0.6037
2.7100	-0.9588	-2.2927	0.4922	0.5943
2.7200	-0.9529	-2.2976	0.4944	0.5852
2.7300	-0.9471	-2.3025	0.4965	0.5764
2.7400	-0.9414	-2.3075	0.4986	0.5678
2.7500	-0.9358	-2.3125	0.5006	0.5595
2.7600	-0.9302	-2.3175	0.5027	0.5513
2.7700	-0.9247	-2.3226	0.5046	0.5434
2.7800	-0.9193	-2.3276	0.5066	0.5356
2.7900	-0.9140	-2.3327	0.5085	0.5281
2.8000	-0.9088	-2.3378	0.5104	0.5207
2.8100	-0.9036	-2.3429	0.5122	0.5134
2.8200	-0.8985	-2.3480	0.5140	0.5063
2.8300	-0.8935	-2.3532	0.5158	0.4993
2.8400	-0.8885	-2.3584	0.5175	0.4925
2.8500	-0.8836	-2.3635	0.5193	0.4859
2.8600	-0.8788	-2.3687	0.5210	0.4793
2.8700	-0.8740	-2.3740	0.5226	0.4729
2.8800	-0.8693	-2.3792	0.5242	0.4666
2.8900	-0.8647	-2.3844	0.5259	0.4605
2.9000	-0.8601	-2.3897	0.5274	0.4544
2.9100	-0.8556	-2.3950	0.5290	0.4485
2.9200	-0.8512	-2.4003	0.5305	0.4427
2.9300	-0.8468	-2.4056	0.5320	0.4371
2.9400	-0.8424	-2.4109	0.5335	0.4315
2.9500	-0.8381	-2.4163	0.5350	0.4261
2.9600	-0.8339	-2.4216	0.5364	0.4208
2.9700	-0.8297	-2.4270	0.5378	0.4155
2.9800	-0.8256	-2.4324	0.5392	0.4105
2.9900	-0.8215	-2.4378	0.5406	0.4055
3.0000	-0.8175	-2.4432	0.5419	0.4006
3.0100	-0.8135	-2.4486	0.5432	0.3958
3.0200	-0.8096	-2.4541	0.5445	0.3912
3.0300	-0.8057	-2.4595	0.5458	0.3866
3.0400	-0.8018	-2.4650	0.5471	0.3822
3.0500	-0.7980	-2.4704	0.5483	0.3778
3.0600	-0.7943	-2.4759	0.5496	0.3735
3.0700	-0.7906	-2.4814	0.5508	0.3694
3.0800	-0.7869	-2.4870	0.5520	0.3653
3.0900	-0.7833	-2.4925	0.5531	0.3613
3.1000	-0.7797	-2.4980	0.5543	0.3574
3.1100	-0.7761	-2.5036	0.5555	0.3536
3.1200	-0.7726	-2.5091	0.5566	0.3499
3.1300	-0.7691	-2.5147	0.5577	0.3463
3.1400	-0.7657	-2.5203	0.5588	0.3427
3.1500	-0.7623	-2.5259	0.5599	0.3392
3.1600	-0.7589	-2.5315	0.5609	0.3358
3.1700	-0.7555	-2.5371	0.5620	0.3324
3.1800	-0.7522	-2.5427	0.5630	0.3292
3.1900	-0.7490	-2.5484	0.5641	0.3259
3.2000	-0.7457	-2.5540	0.5651	0.3228
3.2100	-0.7425	-2.5597	0.5661	0.3197
3.2200	-0.7393	-2.5653	0.5671	0.3167
3.2300	-0.7362	-2.5710	0.5681	0.3137
3.2400	-0.7330	-2.5767	0.5690	0.3108
3.2500	-0.7300	-2.5824	0.5700	0.3079
3.2600	-0.7269	-2.5881	0.5709	0.3051
3.2700	-0.7238	-2.5938	0.5718	0.3024
3.2800	-0.7208	-2.5995	0.5728	0.2997
3.2900	-0.7179	-2.6053	0.5737	0.2970
3.3000	-0.7149	-2.6110	0.5746	0.2944
3.3100	-0.7120	-2.6167	0.5755	0.2918
3.3200	-0.7091	-2.6225	0.5763	0.2892
3.3300	-0.7062	-2.6283	0.5772	0.2867
3.3400	-0.7033	-2.6340	0.5781	0.2843
3.3500	-0.7005	-2.6398	0.5789	0.2818
3.3600	-0.6977	-2.6456	0.5797	0.2795
3.3700	-0.6949	-2.6514	0.5806	0.2771
3.3800	-0.6921	-2.6572	0.5814	0.2748
3.3900	-0.6894	-2.6631	0.5822	0.2725
3.4000	-0.6867	-2.6689	0.5830	0.2702
3.4100	-0.6840	-2.6747	0.5838	0.2680
3.4200	-0.6813	-2.6806	0.5846	0.2658
3.4300	-0.6787	-2.6864	0.5853	0.2636
3.4400	-0.6761	-2.6923	0.5861	0.2615
3.4500	-0.6735	-2.6981	0.5869	0.2593
3.4600	-0.6709	-2.7040	0.5876	0.2573
3.4700	-0.6683	-2.7099	0.5883	0.2552
3.4800	-0.6658	-2.7158	0.5891	0.2531
3.4900	-0.6633	-2.7217	0.5898	0.2511
3.5000	-0.6608	-2.7276	0.5905	0.2491
3.5100	-0.6583	-2.7335	0.5912	0.2472
3.5200	-0.6558	-2.7394	0.5919	0.2452
3.5300	-0.6534	-2.7453	0.5926	0.2433
3.5400	-0.6509	-2.7512	0.5933	0.2414
3.5500	-0.6485	-2.7572	0.5940	0.2395
3.5600	-0.6462	-2.7631	0.5947	0.2376
3.5700	-0.6438	-2.7691	0.5953	0.2358
3.5800	-0.6414	-2.7750	0.5960	0.2340
3.5900	-0.6391	-2.7810	0.5966	0.2322
3.6000	-0.6368	-2.7870	0.5973	0.2304
3.6100	-0.6345	-2.7929	0.5979	0.2286
3.6200	-0.6322	-2.7989	0.5985	0.2269
3.6300	-0.6300	-2.8049	0.5992	0.2252
3.6400	-0.6277	-2.8109	0.5998	0.2235
3.6500	-0.6255	-2.8169	0.6004	0.2218
3.6600	-0.6233	-2.8229	0.6010	0.2201
3.6700	-0.6211	-2.8289	0.6016	0.2184
3.6800	-0.6189	-2.8349	0.6022	0.2168
3.6900	-0.6168	-2.8410	0.6028	0.2152
3.7000	-0.6146	-2.8470	0.6033	0.2136
3.7100	-0.6125	-2.8530	0.6039	0.2120
3.7200	-0.6104	-2.8591	0.6045	0.2104
3.7300	-0.6083	-2.8651	0.6051	0.2089
3.7400	-0.6062	-2.8712	0.6056	0.2073
3.7500	-0.6041	-2.8772	0.6062	0.2058
3.7600	-0.6021	-2.8833	0.6067	0.2043
3.7700	-0.6000	-2.8894	0.6072	0.2028
3.7800	-0.5980	-2.8954	0.6078	0.2013
3.7900	-0.5960	-2.9015	0.6083	0.1999
3.8000	-0.5940	-2.9076	0.6088	0.1984
3.8100	-0.5920	-2.9137	0.6094	0.1970
3.8200	-0.5901	-2.9198	0.6099	0.1956
3.8300	-0.5881	-2.9259	0.6104	0.1942
3.8400	-0.5862	-2.9320	0.6109	0.1928
3.8500	-0.5843	-2.9381	0.6114	0.1914
3.8600	-0.5824	-2.9442	0.6119	0.1901
3.8700	-0.5805	-2.9503	0.6124	0.1887
3.8800	-0.5786	-2.9565	0.6129	0.1874
3.8900	-0.5767	-2.9626	0.6133	0.1861
3.9000	-0.5749	-2.9687	0.6138	0.1848
3.9100	-0.5730	-2.9749	0.6143	0.1835
3.9200	-0.5712	-2.9810	0.6148	0.1822
3.9300	-0.5694	-2.9872	0.6152	0.1809
3.9400	-0.5676	-2.9933	0.6157	0.1797
3.9500	-0.5658	-2.9995	0.6161	0.1784
3.9600	-0.5640	-3.0057	0.6166	0.1772
3.9700	-0.5623	-3.0118	0.6170	0.1760
3.9800	-0.5605	-3.0180	0.6175	0.1748
3.9900	-0.5588	-3.0242	0.6179	0.1736
4.0000	-0.5570	-3.0304	0.6183	0.1724
4.0100	-0.5553	-3.0365	0.6188	0.1712
4.0200	-0.5536	-3.0427	0.6192	0.1701
4.0300	-0.5519	-3.0489	0.6196	0.1689
4.0400	-0.5502	-3.0551	0.6200	0.1678
4.0500	-0.5486	-3.0613	0.6204	0.1667
4.0600	-0.5469	-3.0675	0.6208	0.1656
4.0700	-0.5452	-3.0737	0.6213	0.1645
4.0800	-0.5436	-3.0800	0.6217	0.1634
4.0900	-0.5420	-3.0862	0.6221	0.1623
4.1000	-0.5404	-3.0924	0.6224	0.1613
4.1100	-0.5387	-3.0986	0.6228	0.1602
4.1200	-0.5371	-3.1049	0.6232	0.1592
4.1300	-0.5356	-3.1111	0.6236	0.1581
4.1400	-0.5340	-3.1173	0.6240	0.1571
4.1500	-0.5324	-3.1236	0.6244	0.1561
4.1600	-0.5309	-3.1298	0.6247	0.1551
4.1700	-0.5293	-3.1361	0.6251	0.1541
4.1800	-0.5278	-3.1423	0.6255	0.1531
4.1900	-0.5263	-3.1486	0.6259	0.1521
4.2000	-0.5247	-3.1548	0.6262	0.1512
4.2100	-0.5232	-3.1611	0.6266	0.1502
4.2200	-0.5217	-3.1674	0.6269	0.1493
4.2300	-0.5202	-3.1736	0.6273	0.1484
4.2400	-0.5188	-3.1799	0.6276	0.1474
4.2500	-0.5173	-3.1862	0.6280	0.1465
4.2600	-0.5158	-3.1925	0.6283	0.1456
4.2700	-0.5144	-3.1988	0.6287	0.1447
4.2800	-0.5129	-3.2050	0.6290	0.1438
4.2900	-0.5115	-3.2113	0.6293	0.1429
4.3000	-0.5101	-3.2176	0.6297	0.1421
4.3100	-0.5087	-3.2239	0.6300	0.1412
4.3200	-0.5073	-3.2302	0.6303	0.1404
4.3300	-0.5059	-3.2365	0.6306	0.1395
4.3400	-0.5045	-3.2428	0.6310	0.1387
4.3500	-0.5031	-3.2492	0.6313	0.1379
4.3600	-0.5017	-3.2555	0.6316	0.1370
4.3700	-0.5003	-3.2618	0.6319	0.1362
4.3800	-0.4990	-3.2681	0.6322	0.1354
4.3900	-0.4976	-3.2744	0.6325	0.1346
4.4000	-0.4963	-3.2808	0.6328	0.1338
4.4100	-0.4950	-3.2871	0.6331	0.1330
4.4200	-0.4936	-3.2934	0.6334	0.1323
4.4300	-0.4923	-3.2998	0.6337	0.1315
4.4400	-0.4910	-3.3061	0.6340	0.1307
4.4500	-0.4897	-3.3124	0.6343	0.1300
4.4600	-0.4884	-3.3188	0.6346	0.1292
4.4700	-0.4871	-3.3251	0.6349	0.1285
4.4800	-0.4858	-3.3315	0.6352	0.1278
4.4900	-0.4846	-3.3378	0.6355	0.1270
4.5000	-0.4833	-3.3442	0.6358	0.1263
4.5100	-0.4820	-3.3505	0.6360	0.1256
4.5200	-0.4808	-3.3569	0.6363	0.1249
4.5300	-0.4795	-3.3633	0.6366	0.1242
4.5400	-0.4783	-3.3696	0.6369	0.1235
4.5500	-0.4771	-3.3760	0.6371	0.1228
4.5600	-0.4758	-3.3824	0.6374	0.1221
4.5700	-0.4746	-3.3888	0.6377	0.1215
4.5800	-0.4734	-3.3951	0.6379	0.1208
4.5900	-0.4722	-3.4015	0.6382	0.1201
4.6000	-0.4710	-3.4079	0.6385	0.1195
4.6100	-0.4698	-3.4143	0.6387	0.1188
4.6200	-0.4686	-3.4207	0.6390	0.1182
4.6300	-0.4675	-3.4271	0.6392	0.1175
4.6400	-0.4663	-3.4335	0.6395	0.1169
4.6500	-0.4651	-3.4399	0.6397	0.1163
4.6600	-0.4640	-3.4463	0.6400	0.1157
4.6700	-0.4628	-3.4527	0.6402	0.1150
4.6800	-0.4617	-3.4591	0.6405	0.1144
4.6900	-0.4605	-3.4655	0.6407	0.1138
4.7000	-0.4594	-3.4719	0.6410	0.1132
4.7100	-0.4582	-3.4783	0.6412	0.1126
4.7200	-0.4571	-3.4847	0.6414	0.1120
4.7300	-0.4560	-3.4911	0.6417	0.1114
4.7400	-0.4549	-3.4975	0.6419	0.1109
4.7500	-0.4538	-3.5039	0.6421	0.1103
4.7600	-0.4527	-3.5104	0.6424	0.1097
4.7700	-0.4516	-3.5168	0.6426	0.1091
4.7800	-0.4505	-3.5232	0.6428	0.1086
4.7900	-0.4494	-3.5297	0.6431	0.1080
4.8000	-0.4483	-3.5361	0.6433	0.1075
4.8100	-0.4473	-3.5425	0.6435	0.1069
4.8200	-0.4462	-3.5490	0.6437	0.1064
4.8300	-0.4451	-3.5554	0.6439	0.1058
4.8400	-0.4441	-3.5618	0.6442	0.1053
4.8500	-0.4430	-3.5683	0.6444	0.1047
4.8600	-0.4420	-3.5747	0.6446	0.1042
4.8700	-0.4410	-3.5812	0.6448	0.1037
4.8800	-0.4399	-3.5876	0.6450	0.1032
4.8900	-0.4389	-3.5941	0.6452	0.1027
4.9000	-0.4379	-3.6005	0.6454	0.1021
4.9100	-0.4369	-3.6070	0.6456	0.1016
4.9200	-0.4358	-3.6134	0.6459	0.1011
4.9300	-0.4348	-3.6199	0.6461	0.1006
4.9400	-0.4338	-3.6264	0.6463	0.1001
4.9500	-0.4328	-3.6328	0.6465	0.0996
4.9600	-0.4318	-3.6393	0.6467	0.0992
4.9700	-0.4308	-3.6458	0.6469	0.0987
4.9800	-0.4299	-3.6522	0.6471	0.0982
4.9900	-0.4289	-3.6587	0.6473	0.0977
5.0000	-0.4279	-3.6652	0.6475	0.0972
5.0100	-0.4269	-3.6716	0.6476	0.0968
5.0200	-0.4260	-3.6781	0.6478	0.0963
5.0300	-0.4250	-3.6846	0.6480	0.0958
5.0400	-0.4241	-3.6911	0.6482	0.0954
5.0500	-0.4231	-3.6976	0.6484	0.0949
5.0600	-0.4222	-3.7040	0.6486	0.0945
5.0700	-0.4212	-3.7105	0.6488	0.0940
5.0800	-0.4203	-3.7170	0.6490	0.0936
5.0900	-0.4193	-3.7235	0.6491	0.0931
5.1000	-0.4184	-3.7300	0.6493	0.0927
5.1100	-0.4175	-3.7365	0.6495	0.0922
5.1200	-0.4166	-3.7430	0.6497	0.0918
5.1300	-0.4157	-3.7495	0.6499	0.0914
5.1400	-0.4147	-3.7560	0.6500	0.0910
5.1500	-0.4138	-3.7625	0.6502	0.0905
5.1600	-0.4129	-3.7690	0.6504	0.0901
5.1700	-0.4120	-3.7755	0.6506	0.0897
5.1800	-0.4111	-3.7820	0.6507	0.0893
5.1900	-0.4102	-3.7885	0.6509	0.0889
5.2000	-0.4094	-3.7950	0.6511	0.0885
5.2100	-0.4085	-3.8015	0.6513	0.0880
5.2200	-0.4076	-3.8081	0.6514	0.0876
5.2300	-0.4067	-3.8146	0.6516	0.0872
5.2400	-0.4059	-3.8211	0.6518	0.0868
5.2500	-0.4050	-3.8276	0.6519	0.0864
5.2600	-0.4041	-3.8341	0.6521	0.0861
5.2700	-0.4033	-3.8406	0.6523	0.0857
5.2800	-0.4024	-3.8472	0.6524	0.0853
5.2900	-0.4016	-3.8537	0.6526	0.0849
5.3000	-0.4007	-3.8602	0.6527	0.0845
5.3100	-0.3999	-3.8667	0.6529	0.0841
5.3200	-0.3990	-3.8733	0.6531	0.0838
5.3300	-0.3982	-3.8798	0.6532	0.0834
5.3400	-0.3974	-3.8863	0.6534	0.0830
5.3500	-0.3965	-3.8929	0.6535	0.0827
5.3600	-0.3957	-3.8994	0.6537	0.0823
5.3700	-0.3949	-3.9060	0.6538	0.0819
5.3800	-0.3941	-3.9125	0.6540	0.0816
5.3900	-0.3933	-3.9190	0.6541	0.0812
5.4000	-0.3924	-3.9256	0.6543	0.0809
5.4100	-0.3916	-3.9321	0.6544	0.0805
5.4200	-0.3908	-3.9387	0.6546	0.0802
5.4300	-0.3900	-3.9452	0.6547	0.0798
5.4400	-0.3892	-3.9518	0.6549	0.0795
5.4500	-0.3884	-3.9583	0.6550	0.0791
5.4600	-0.3877	-3.9649	0.6552	0.0788
5.4700	-0.3869	-3.9714	0.6553	0.0784
5.4800	-0.3861	-3.9780	0.6555	0.0781
5.4900	-0.3853	-3.9845	0.6556	0.0778
5.5000	-0.3845	-3.9911	0.6557	0.0774
5.5100	-0.3838	-3.9976	0.6559	0.0771
5.5200	-0.3830	-4.0042	0.6560	0.0768
5.5300	-0.3822	-4.0108	0.6562	0.0765
5.5400	-0.3815	-4.0173	0.6563	0.0761
5.5500	-0.3807	-4.0239	0.6564	0.0758
5.5600	-0.3799	-4.0304	0.6566	0.0755
5.5700	-0.3792	-4.0370	0.6567	0.0752
5.5800	-0.3784	-4.0436	0.6568	0.0749
5.5900	-0.3777	-4.0501	0.6570	0.0746
5.6000	-0.3770	-4.0567	0.6571	0.0742
5.6100	-0.3762	-4.0633	0.6572	0.0739
5.6200	-0.3755	-4.0699	0.6574	0.0736
5.6300	-0.3747	-4.0764	0.6575	0.0733
5.6400	-0.3740	-4.0830	0.6576	0.0730
5.6500	-0.3733	-4.0896	0.6578	0.0727
5.6600	-0.3725	-4.0962	0.6579	0.0724
5.6700	-0.3718	-4.1027	0.6580	0.0721
5.6800	-0.3711	-4.1093	0.6581	0.0718
5.6900	-0.3704	-4.1159	0.6583	0.0716
5.7000	-0.3697	-4.1225	0.6584	0.0713
5.7100	-0.3690	-4.1291	0.6585	0.0710
5.7200	-0.3683	-4.1357	0.6586	0.0707
5.7300	-0.3676	-4.1422	0.6588	0.0704
5.7400	-0.3668	-4.1488	0.6589	0.0701
5.7500	-0.3661	-4.1554	0.6590	0.0698
5.7600	-0.3655	-4.1620	0.6591	0.0696
5.7700	-0.3648	-4.1686	0.6592	0.0693
5.7800	-0.3641	-4.1752	0.6594	0.0690
5.7900	-0.3634	-4.1818	0.6595	0.0687
5.8000	-0.3627	-4.1884	0.6596	0.0685
5.8100	-0.3620	-4.1950	0.6597	0.0682
5.8200	-0.3613	-4.2016	0.6598	0.0679
5.8300	-0.3606	-4.2082	0.6600	0.0677
5.8400	-0.3600	-4.2148	0.6601	0.0674
5.8500	-0.3593	-4.2214	0.6602	0.0671
5.8600	-0.3586	-4.2280	0.6603	0.0669
5.8700	-0.3580	-4.2346	0.6604	0.0666
5.8800	-0.3573	-4.2412	0.6605	0.0664
5.8900	-0.3566	-4.2478	0.6606	0.0661
5.9000	-0.3560	-4.2544	0.6608	0.0659
5.9100	-0.3553	-4.2610	0.6609	0.0656
5.9200	-0.3547	-4.2676	0.6610	0.0653
5.9300	-0.3540	-4.2742	0.6611	0.0651
5.9400	-0.3534	-4.2808	0.6612	0.0648
5.9500	-0.3527	-4.2875	0.6613	0.0646
5.9600	-0.3521	-4.2941	0.6614	0.0644
5.9700	-0.3514	-4.3007	0.6615	0.0641
5.9800	-0.3508	-4.3073	0.6616	0.0639
5.9900	-0.3502	-4.3139	0.6617	0.0636
6.0000	-0.3495	-4.3205	0.6618	0.0634
6.0100	-0.3489	-4.3272	0.6619	0.0632
6.0200	-0.3483	-4.3338	0.6620	0.0629
6.0300	-0.3476	-4.3404	0.6622	0.0627
6.0400	-0.3470	-4.3470	0.6623	0.0624
6.0500	-0.3464	-4.3536	0.6624	0.0622
6.0600	-0.3458	-4.3603	0.6625	0.0620
6.0700	-0.3451	-4.3669	0.6626	0.0618
6.0800	-0.3445	-4.3735	0.6627	0.0615
6.0900	-0.3439	-4.3801	0.6628	0.0613
6.1000	-0.3433	-4.3868	0.6629	0.0611
6.1100	-0.3427	-4.3934	0.6630	0.0609
6.1200	-0.3421	-4.4000	0.6631	0.0606
6.1300	-0.3415	-4.4067	0.6632	0.0604
6.1400	-0.3409	-4.4133	0.6633	0.0602
6.1500	-0.3403	-4.4199	0.6634	0.0600
6.1600	-0.3397	-4.4266	0.6635	0.0597
6.1700	-0.3391	-4.4332	0.6636	0.0595
6.1800	-0.3385	-4.4398	0.6637	0.0593
6.1900	-0.3379	-4.4465	0.6637	0.0591
6.2000	-0.3373	-4.4531	0.6638	0.0589
6.2100	-0.3367	-4.4598	0.6639	0.0587
6.2200	-0.3361	-4.4664	0.6640	0.0585
6.2300	-0.3355	-4.4730	0.6641	0.0583
6.2400	-0.3350	-4.4797	0.6642	0.0581
6.2500	-0.3344	-4.4863	0.6643	0.0578
6.2600	-0.3338	-4.4930	0.6644	0.0576
6.2700	-0.3332	-4.4996	0.6645	0.0574
6.2800	-0.3327	-4.5062	0.6646	0.0572
6.2900	-0.3321	-4.5129	0.6647	0.0570
6.3000	-0.3315	-4.5195	0.6648	0.0568
6.3100	-0.3309	-4.5262	0.6649	0.0566
6.3200	-0.3304	-4.5328	0.6649	0.0564
6.3300	-0.3298	-4.5395	0.6650	0.0562
6.3400	-0.3293	-4.5461	0.6651	0.0560
6.3500	-0.3287	-4.5528	0.6652	0.0558
6.3600	-0.3281	-4.5594	0.6653	0.0557
6.3700	-0.3276	-4.5661	0.6654	0.0555
6.3800	-0.3270	-4.5728	0.6655	0.0553
6.3900	-0.3265	-4.5794	0.6656	0.0551
6.4000	-0.3259	-4.5861	0.6656	0.0549
6.4100	-0.3254	-4.5927	0.6657	0.0547
6.4200	-0.3248	-4.5994	0.6658	0.0545
6.4300	-0.3243	-4.6060	0.6659	0.0543
6.4400	-0.3237	-4.6127	0.6660	0.0541
6.4500	-0.3232	-4.6194	0.6661	0.0539
6.4600	-0.3227	-4.6260	0.6662	0.0538
6.4700	-0.3221	-4.6327	0.6662	0.0536
6.4800	-0.3216	-4.6393	0.6663	0.0534
6.4900	-0.3211	-4.6460	0.6664	0.0532
6.5000	-0.3205	-4.6527	0.6665	0.0530
6.5100	-0.3200	-4.6593	0.6666	0.0529
6.5200	-0.3195	-4.6660	0.6666	0.0527
6.5300	-0.3189	-4.6727	0.6667	0.0525
6.5400	-0.3184	-4.6793	0.6668	0.0523
6.5500	-0.3179	-4.6860	0.6669	0.0522
6.5600	-0.3174	-4.6927	0.6670	0.0520
6.5700	-0.3169	-4.6993	0.6670	0.0518
6.5800	-0.3163	-4.7060	0.6671	0.0516
6.5900	-0.3158	-4.7127	0.6672	0.0515
6.6000	-0.3153	-4.7194	0.6673	0.0513
6.6100	-0.3148	-4.7260	0.6674	0.0511
6.6200	-0.3143	-4.7327	0.6674	0.0510
6.6300	-0.3138	-4.7394	0.6675	0.0508
6.6400	-0.3133	-4.7461	0.6676	0.0506
6.6500	-0.3128	-4.7527	0.6677	0.0505
6.6600	-0.3123	-4.7594	0.6677	0.0503
6.6700	-0.3118	-4.7661	0.6678	0.0501
6.6800	-0.3113	-4.7728	0.6679	0.0500
6.6900	-0.3108	-4.7794	0.6680	0.0498
6.7000	-0.3103	-4.7861	0.6680	0.0496
6.7100	-0.3098	-4.7928	0.6681	0.0495
6.7200	-0.3093	-4.7995	0.6682	0.0493
6.7300	-0.3088	-4.8062	0.6683	0.0492
6.7400	-0.3083	-4.8129	0.6683	0.0490
6.7500	-0.3078	-4.8195	0.6684	0.0488
6.7600	-0.3073	-4.8262	0.6685	0.0487
6.7700	-0.3068	-4.8329	0.6685	0.0485
6.7800	-0.3063	-4.8396	0.6686	0.0484
6.7900	-0.3059	-4.8463	0.6687	0.0482
6.8000	-0.3054	-4.8530	0.6688	0.0481
6.8100	-0.3049	-4.8597	0.6688	0.0479
6.8200	-0.3044	-4.8663	0.6689	0.0477
6.8300	-0.3040	-4.8730	0.6690	0.0476
6.8400	-0.3035	-4.8797	0.6690	0.0474
6.8500	-0.3030	-4.8864	0.6691	0.0473
6.8600	-0.3025	-4.8931	0.6692	0.0471
6.8700	-0.3021	-4.8998	0.6692	0.0470
6.8800	-0.3016	-4.9065	0.6693	0.0468
6.8900	-0.3011	-4.9132	0.6694	0.0467
6.9000	-0.3007	-4.9199	0.6695	0.0466
6.9100	-0.3002	-4.9266	0.6695	0.0464
6.9200	-0.2997	-4.9333	0.6696	0.0463
6.9300	-0.2993	-4.9400	0.6697	0.0461
6.9400	-0.2988	-4.9467	0.6697	0.0460
6.9500	-0.2983	-4.9534	0.6698	0.0458
6.9600	-0.2979	-4.9601	0.6699	0.0457
6.9700	-0.2974	-4.9668	0.6699	0.0455
6.9800	-0.2970	-4.9735	0.6700	0.0454
6.9900	-0.2965	-4.9802	0.6700	0.0453
7.0000	-0.2961	-4.9869	0.6701	0.0451
7.0100	-0.2956	-4.9936	0.6702	0.0450
7.0200	-0.2952	-5.0003	0.6702	0.0448
7.0300	-0.2947	-5.0070	0.6703	0.0447
7.0400	-0.2943	-5.0137	0.6704	0.0446
7.0500	-0.2938	-5.0204	0.6704	0.0444
7.0600	-0.2934	-5.0271	0.6705	0.0443
7.0700	-0.2929	-5.0338	0.6706	0.0442
7.0800	-0.2925	-5.0405	0.6706	0.0440
7.0900	-0.2921	-5.0472	0.6707	0.0439
7.1000	-0.2916	-5.0539	0.6707	0.0438
7.1100	-0.2912	-5.0606	0.6708	0.0436
7.1200	-0.2908	-5.0673	0.6709	0.0435
7.1300	-0.2903	-5.0740	0.6709	0.0434
7.1400	-0.2899	-5.0807	0.6710	0.0432
7.1500	-0.2895	-5.0874	0.6710	0.0431
7.1600	-0.2890	-5.0942	0.6711	0.0430
7.1700	-0.2886	-5.1009	0.6712	0.0428
7.1800	-0.2882	-5.1076	0.6712	0.0427
7.1900	-0.2877	-5.1143	0.6713	0.0426
7.2000	-0.2873	-5.1210	0.6713	0.0425
7.2100	-0.2869	-5.1277	0.6714	0.0423
7.2200	-0.2865	-5.1344	0.6715	0.0422
7.2300	-0.2861	-5.1411	0.6715	0.0421
7.2400	-0.2856	-5.1479	0.6716	0.0419
7.2500	-0.2852	-5.1546	0.6716	0.0418
7.2600	-0.2848	-5.1613	0.6717	0.0417
7.2700	-0.2844	-5.1680	0.6718	0.0416
7.2800	-0.2840	-5.1747	0.6718	0.0414
7.2900	-0.2835	-5.1814	0.6719	0.0413
7.3000	-0.2831	-5.1882	0.6719	0.0412
7.3100	-0.2827	-5.1949	0.6720	0.0411
7.3200	-0.2823	-5.2016	0.6720	0.0410
7.3300	-0.2819	-5.2083	0.6721	0.0408
7.3400	-0.2815	-5.2150	0.6721	0.0407
7.3500	-0.2811	-5.2218	0.6722	0.0406
7.3600	-0.2807	-5.2285	0.6723	0.0405
7.3700	-0.2803	-5.2352	0.6723	0.0404
7.3800	-0.2799	-5.2419	0.6724	0.0402
7.3900	-0.2795	-5.2487	0.6724	0.0401
7.4000	-0.2791	-5.2554	0.6725	0.0400
7.4100	-0.2787	-5.2621	0.6725	0.0399
7.4200	-0.2783	-5.2688	0.6726	0.0398
7.4300	-0.2779	-5.2756	0.6726	0.0397
7.4400	-0.2775	-5.2823	0.6727	0.0396
7.4500	-0.2771	-5.2890	0.6727	0.0394
7.4600	-0.2767	-5.2957	0.6728	0.0393
7.4700	-0.2763	-5.3025	0.6728	0.0392
7.4800	-0.2759	-5.3092	0.6729	0.0391
7.4900	-0.2755	-5.3159	0.6730	0.0390
7.5000	-0.2751	-5.3227	0.6730	0.0389
7.5100	-0.2747	-5.3294	0.6731	0.0388
7.5200	-0.2744	-5.3361	0.6731	0.0386
7.5300	-0.2740	-5.3429	0.6732	0.0385
7.5400	-0.2736	-5.3496	0.6732	0.0384
7.5500	-0.2732	-5.3563	0.6733	0.0383
7.5600	-0.2728	-5.3630	0.6733	0.0382
7.5700	-0.2724	-5.3698	0.6734	0.0381
7.5800	-0.2721	-5.3765	0.6734	0.0380
7.5900	-0.2717	-5.3833	0.6735	0.0379
7.6000	-0.2713	-5.3900	0.6735	0.0378
7.6100	-0.2709	-5.3967	0.6736	0.0377
7.6200	-0.2705	-5.4035	0.6736	0.0376
7.6300	-0.2702	-5.4102	0.6737	0.0375
7.6400	-0.2698	-5.4169	0.6737	0.0374
7.6500	-0.2694	-5.4237	0.6738	0.0372
7.6600	-0.2691	-5.4304	0.6738	0.0371
7.6700	-0.2687	-5.4371	0.6739	0.0370
7.6800	-0.2683	-5.4439	0.6739	0.0369
7.6900	-0.2679	-5.4506	0.6740	0.0368
7.7000	-0.2676	-5.4574	0.6740	0.0367
7.7100	-0.2672	-5.4641	0.6740	0.0366
7.7200	-0.2668	-5.4708	0.6741	0.0365
7.7300	-0.2665	-5.4776	0.6741	0.0364
7.7400	-0.2661	-5.4843	0.6742	0.0363
7.7500	-0.2658	-5.4911	0.6742	0.0362
7.7600	-0.2654	-5.4978	0.6743	0.0361
7.7700	-0.2650	-5.5046	0.6743	0.0360
7.7800	-0.2647	-5.5113	0.6744	0.0359
7.7900	-0.2643	-5.5180	0.6744	0.0358
7.8000	-0.2640	-5.5248	0.6745	0.0357
7.8100	-0.2636	-5.5315	0.6745	0.0356
7.8200	-0.2632	-5.5383	0.6746	0.0355
7.8300	-0.2629	-5.5450	0.6746	0.0354
7.8400	-0.2625	-5.5518	0.6746	0.0353
7.8500	-0.2622	-5.5585	0.6747	0.0352
7.8600	-0.2618	-5.5653	0.6747	0.0351
7.8700	-0.2615	-5.5720	0.6748	0.0350
7.8800	-0.2611	-5.5788	0.6748	0.0350
7.8900	-0.2608	-5.5855	0.6749	0.0349
7.9000	-0.2604	-5.5923	0.6749	0.0348
7.9100	-0.2601	-5.5990	0.6750	0.0347
7.9200	-0.2597	-5.6058	0.6750	0.0346
7.9300	-0.2594	-5.6125	0.6750	0.0345
7.9400	-0.2590	-5.6193	0.6751	0.0344
7.9500	-0.2587	-5.6260	0.6751	0.0343
7.9600	-0.2584	-5.6328	0.6752	0.0342
7.9700	-0.2580	-5.6395	0.6752	0.0341
7.9800	-0.2577	-5.6463	0.6753	0.0340
7.9900	-0.2573	-5.6530	0.6753	0.0339
8.0000	-0.2570	-5.6598	0.6753	0.0338
