T	Ut	Ft	St	Ct
0.0100	-nan	-inf	-nan	-nan
0.0200	-2.0000	-2.0000	0.0000	0.0000
0.0300	-2.0000	-2.0000	0.0000	0.0000
0.0400	-2.0000	-2.0000	0.0000	0.0000
0.0500	-2.0000	-2.0000	0.0000	0.0000
0.0600	-2.0000	-2.0000	0.0000	0.0000
0.0700	-2.0000	-2.0000	0.0000	0.0000
0.0800	-2.0000	-2.0000	0.0000	0.0000
0.0900	-2.0000	-2.0000	0.0000	0.0000
0.1000	-2.0000	-2.0000	-0.0000	0.0000
0.1100	-2.0000	-2.0000	0.0000	0.0000
0.1200	-2.0000	-2.0000	-0.0000	0.0000
0.1300	-2.0000	-2.0000	0.0000	0.0000
0.1400	-2.0000	-2.0000	-0.0000	0.0000
0.1500	-2.0000	-2.0000	0.0000	0.0000
0.1600	-2.0000	-2.0000	0.0000	0.0000
0.1700	-2.0000	-2.0000	0.0000	0.0000
0.1800	-2.0000	-2.0000	-0.0000	0.0000
0.1900	-2.0000	-2.0000	0.0000	0.0000
0.2000	-2.0000	-2.0000	0.0000	0.0000
0.2100	-2.0000	-2.0000	0.0000	0.0000
0.2200	-2.0000	-2.0000	0.0000	0.0000
0.2300	-2.0000	-2.0000	0.0000	-0.0000
0.2400	-2.0000	-2.0000	0.0000	0.0000
0.2500	-2.0000	-2.0000	0.0000	0.0000
0.2600	-2.0000	-2.0000	0.0000	0.0000
0.2700	-2.0000	-2.0000	0.0000	0.0000
0.2800	-2.0000	-2.0000	0.0000	0.0000
0.2900	-2.0000	-2.0000	0.0000	0.0000
0.3000	-2.0000	-2.0000	0.0000	0.0000
0.3100	-2.0000	-2.0000	0.0000	0.0000
0.3200	-2.0000	-2.0000	0.0000	0.0000
0.3300	-2.0000	-2.0000	0.0000	0.0000
0.3400	-2.0000	-2.0000	0.0000	0.0000
0.3500	-2.0000	-2.0000	0.0000	0.0000
0.3600	-2.0000	-2.0000	0.0000	0.0000
0.3700	-2.0000	-2.0000	0.0000	0.0000
0.3800	-2.0000	-2.0000	0.0000	0.0000
0.3900	-2.0000	-2.0000	0.0000	0.0000
0.4000	-2.0000	-2.0000	0.0000	0.0000
0.4100	-2.0000	-2.0000	0.0000	0.0000
0.4200	-2.0000	-2.0000	0.0000	0.0000
0.4300	-2.0000	-2.0000	0.0000	0.0000
0.4400	-2.0000	-2.0000	0.0000	0.0000
0.4500	-2.0000	-2.0000	0.0000	0.0000
0.4600	-2.0000	-2.0000	0.0000	0.0000
0.4700	-2.0000	-2.0000	0.0000	0.0000
0.4800	-2.0000	-2.0000	0.0000	0.0000
0.4900	-2.0000	-2.0000	0.0000	0.0000
0.5000	-2.0000	-2.0000	0.0000	0.0000
0.5100	-2.0000	-2.0000	0.0000	0.0000
0.5200	-2.0000	-2.0000	0.0000	0.0000
0.5300	-2.0000	-2.0000	0.0000	0.0001
0.5400	-2.0000	-2.0000	0.0000	0.0001
0.5500	-2.0000	-2.0000	0.0000	0.0001
0.5600	-2.0000	-2.0000	0.0000	0.0001
0.5700	-2.0000	-2.0000	0.0000	0.0002
0.5800	-2.0000	-2.0000	0.0000	0.0002
0.5900	-2.0000	-2.0000	0.0000	0.0002
0.6000	-2.0000	-2.0000	0.0000	0.0003
0.6100	-2.0000	-2.0000	0.0000	0.0003
0.6200	-2.0000	-2.0000	0.0000	0.0004
0.6300	-2.0000	-2.0000	0.0000	0.0005
0.6400	-2.0000	-2.0000	0.0001	0.0006
0.6500	-2.0000	-2.0000	0.0001	0.0007
0.6600	-2.0000	-2.0000	0.0001	0.0008
0.6700	-1.9999	-2.0000	0.0001	0.0009
0.6800	-1.9999	-2.0000	0.0001	0.0011
0.6900	-1.9999	-2.0000	0.0001	0.0013
0.7000	-1.9999	-2.0000	0.0001	0.0014
0.7100	-1.9999	-2.0000	0.0002	0.0017
0.7200	-1.9999	-2.0000	0.0002	0.0019
0.7300	-1.9999	-2.0000	0.0002	0.0021
0.7400	-1.9998	-2.0000	0.0002	0.0024
0.7500	-1.9998	-2.0000	0.0003	0.0027
0.7600	-1.9998	-2.0000	0.0003	0.0030
0.7700	-1.9997	-2.0000	0.0004	0.0034
0.7800	-1.9997	-2.0000	0.0004	0.0038
0.7900	-1.9997	-2.0000	0.0005	0.0042
0.8000	-1.9996	-2.0000	0.0005	0.0047
0.8100	-1.9996	-2.0000	0.0006	0.0052
0.8200	-1.9995	-2.0000	0.0006	0.0057
0.8300	-1.9995	-2.0001	0.0007	0.0063
0.8400	-1.9994	-2.0001	0.0008	0.0069
0.8500	-1.9993	-2.0001	0.0009	0.0075
0.8600	-1.9992	-2.0001	0.0010	0.0082
0.8700	-1.9992	-2.0001	0.0011	0.0090
0.8800	-1.9991	-2.0001	0.0012	0.0097
0.8900	-1.9990	-2.0001	0.0013	0.0106
0.9000	-1.9989	-2.0001	0.0014	0.0114
0.9100	-1.9987	-2.0001	0.0015	0.0124
0.9200	-1.9986	-2.0002	0.0017	0.0133
0.9300	-1.9985	-2.0002	0.0018	0.0144
0.9400	-1.9983	-2.0002	0.0020	0.0154
0.9500	-1.9982	-2.0002	0.0022	0.0166
0.9600	-1.9980	-2.0002	0.0023	0.0178
0.9700	-1.9978	-2.0003	0.0025	0.0190
0.9800	-1.9976	-2.0003	0.0027	0.0203
0.9900	-1.9974	-2.0003	0.0029	0.0217
1.0000	-1.9972	-2.0003	0.0032	0.0231
1.0100	-1.9969	-2.0004	0.0034	0.0245
1.0200	-1.9967	-2.0004	0.0037	0.0261
1.0300	-1.9964	-2.0005	0.0039	0.0276
1.0400	-1.9961	-2.0005	0.0042	0.0293
1.0500	-1.9958	-2.0005	0.0045	0.0310
1.0600	-1.9955	-2.0006	0.0048	0.0328
1.0700	-1.9952	-2.0006	0.0051	0.0346
1.0800	-1.9948	-2.0007	0.0054	0.0365
1.0900	-1.9944	-2.0007	0.0058	0.0385
1.1000	-1.9940	-2.0008	0.0061	0.0406
1.1100	-1.9936	-2.0009	0.0065	0.0427
1.1200	-1.9932	-2.0009	0.0069	0.0449
1.1300	-1.9927	-2.0010	0.0073	0.0471
1.1400	-1.9923	-2.0011	0.0077	0.0494
1.1500	-1.9917	-2.0012	0.0082	0.0518
1.1600	-1.9912	-2.0012	0.0086	0.0543
1.1700	-1.9907	-2.0013	0.0091	0.0569
1.1800	-1.9901	-2.0014	0.0096	0.0595
1.1900	-1.9895	-2.0015	0.0101	0.0623
1.2000	-1.9888	-2.0016	0.0107	0.0651
1.2100	-1.9882	-2.0017	0.0112	0.0680
1.2200	-1.9875	-2.0019	0.0118	0.0709
1.2300	-1.9867	-2.0020	0.0124	0.0740
1.2400	-1.9860	-2.0021	0.0130	0.0772
1.2500	-1.9852	-2.0022	0.0136	0.0804
1.2600	-1.9844	-2.0024	0.0143	0.0838
1.2700	-1.9835	-2.0025	0.0150	0.0872
1.2800	-1.9826	-2.0027	0.0157	0.0908
1.2900	-1.9817	-2.0028	0.0164	0.0945
1.3000	-1.9807	-2.0030	0.0171	0.0982
1.3100	-1.9797	-2.0032	0.0179	0.1021
1.3200	-1.9787	-2.0034	0.0187	0.1061
1.3300	-1.9776	-2.0035	0.0195	0.1102
1.3400	-1.9765	-2.0037	0.0203	0.1144
1.3500	-1.9753	-2.0040	0.0212	0.1188
1.3600	-1.9741	-2.0042	0.0221	0.1232
1.3700	-1.9729	-2.0044	0.0230	0.1278
1.3800	-1.9716	-2.0046	0.0240	0.1325
1.3900	-1.9702	-2.0049	0.0249	0.1373
1.4000	-1.9688	-2.0051	0.0259	0.1422
1.4100	-1.9674	-2.0054	0.0270	0.1473
1.4200	-1.9659	-2.0057	0.0280	0.1524
1.4300	-1.9643	-2.0060	0.0291	0.1577
1.4400	-1.9627	-2.0063	0.0302	0.1630
1.4500	-1.9611	-2.0066	0.0314	0.1684
1.4600	-1.9594	-2.0069	0.0326	0.1740
1.4700	-1.9576	-2.0072	0.0338	0.1796
1.4800	-1.9558	-2.0076	0.0350	0.1853
1.4900	-1.9539	-2.0079	0.0363	0.1911
1.5000	-1.9519	-2.0083	0.0376	0.1970
1.5100	-1.9499	-2.0087	0.0389	0.2029
1.5200	-1.9479	-2.0091	0.0402	0.2090
1.5300	-1.9458	-2.0095	0.0416	0.2151
1.5400	-1.9436	-2.0099	0.0431	0.2213
1.5500	-1.9413	-2.0103	0.0445	0.2277
1.5600	-1.9390	-2.0108	0.0460	0.2341
1.5700	-1.9367	-2.0112	0.0475	0.2406
1.5800	-1.9342	-2.0117	0.0491	0.2473
1.5900	-1.9317	-2.0122	0.0506	0.2541
1.6000	-1.9291	-2.0127	0.0523	0.2610
1.6100	-1.9265	-2.0133	0.0539	0.2681
1.6200	-1.9238	-2.0138	0.0556	0.2754
1.6300	-1.9210	-2.0144	0.0573	0.2828
1.6400	-1.9181	-2.0150	0.0591	0.2904
1.6500	-1.9152	-2.0156	0.0608	0.2982
1.6600	-1.9121	-2.0162	0.0627	0.3062
1.6700	-1.9090	-2.0168	0.0645	0.3144
1.6800	-1.9059	-2.0175	0.0664	0.3229
1.6900	-1.9026	-2.0181	0.0684	0.3316
1.7000	-1.8992	-2.0188	0.0704	0.3406
1.7100	-1.8958	-2.0196	0.0724	0.3499
1.7200	-1.8922	-2.0203	0.0745	0.3594
1.7300	-1.8886	-2.0210	0.0766	0.3692
1.7400	-1.8848	-2.0218	0.0787	0.3793
1.7500	-1.8810	-2.0226	0.0809	0.3897
1.7600	-1.8770	-2.0234	0.0832	0.4003
1.7700	-1.8730	-2.0243	0.0855	0.4111
1.7800	-1.8688	-2.0252	0.0878	0.4220
1.7900	-1.8645	-2.0260	0.0902	0.4331
1.8000	-1.8602	-2.0270	0.0927	0.4443
1.8100	-1.8557	-2.0279	0.0952	0.4555
1.8200	-1.8511	-2.0289	0.0977	0.4668
1.8300	-1.8463	-2.0298	0.1003	0.4781
1.8400	-1.8415	-2.0309	0.1029	0.4895
1.8500	-1.8365	-2.0319	0.1056	0.5009
1.8600	-1.8315	-2.0330	0.1083	0.5124
1.8700	-1.8263	-2.0341	0.1111	0.5240
1.8800	-1.8210	-2.0352	0.1139	0.5359
1.8900	-1.8156	-2.0364	0.1168	0.5481
1.9000	-1.8100	-2.0375	0.1197	0.5608
1.9100	-1.8044	-2.0387	0.1227	0.5739
1.9200	-1.7985	-2.0400	0.1258	0.5877
1.9300	-1.7926	-2.0413	0.1288	0.6022
1.9400	-1.7865	-2.0426	0.1320	0.6175
1.9500	-1.7802	-2.0439	0.1352	0.6336
1.9600	-1.7738	-2.0453	0.1385	0.6505
1.9700	-1.7672	-2.0467	0.1419	0.6682
1.9800	-1.7605	-2.0481	0.1453	0.6868
1.9900	-1.7535	-2.0496	0.1488	0.7062
2.0000	-1.7463	-2.0511	0.1524	0.7262
2.0100	-1.7390	-2.0526	0.1561	0.7470
2.0200	-1.7314	-2.0542	0.1598	0.7683
2.0300	-1.7236	-2.0558	0.1637	0.7903
2.0400	-1.7156	-2.0575	0.1676	0.8128
2.0500	-1.7073	-2.0592	0.1716	0.8359
2.0600	-1.6989	-2.0609	0.1758	0.8597
2.0700	-1.6901	-2.0627	0.1800	0.8842
2.0800	-1.6812	-2.0645	0.1843	0.9095
2.0900	-1.6719	-2.0664	0.1887	0.9360
2.1000	-1.6625	-2.0683	0.1933	0.9637
2.1100	-1.6527	-2.0702	0.1979	0.9929
2.1200	-1.6426	-2.0722	0.2027	1.0240
2.1300	-1.6322	-2.0743	0.2076	1.0574
2.1400	-1.6214	-2.0764	0.2126	1.0934
2.1500	-1.6103	-2.0786	0.2178	1.1325
2.1600	-1.5988	-2.0808	0.2231	1.1752
2.1700	-1.5868	-2.0830	0.2287	1.2220
2.1800	-1.5743	-2.0853	0.2344	1.2734
2.1900	-1.5613	-2.0877	0.2404	1.3297
2.2000	-1.5477	-2.0901	0.2466	1.3909
2.2100	-1.5335	-2.0926	0.2530	1.4566
2.2200	-1.5186	-2.0952	0.2597	1.5261
2.2300	-1.5029	-2.0978	0.2668	1.5976
2.2400	-1.4866	-2.1005	0.2741	1.6686
2.2500	-1.4696	-2.1033	0.2817	1.7360
2.2600	-1.4519	-2.1062	0.2895	1.7959
2.2700	-1.4337	-2.1091	0.2975	1.8442
2.2800	-1.4151	-2.1121	0.3057	1.8773
2.2900	-1.3962	-2.1152	0.3140	1.8924
2.3000	-1.3773	-2.1184	0.3222	1.8882
2.3100	-1.3585	-2.1217	0.3304	1.8650
2.3200	-1.3401	-2.1250	0.3383	1.8248
2.3300	-1.3221	-2.1284	0.3461	1.7705
2.3400	-1.3047	-2.1319	0.3535	1.7059
2.3500	-1.2880	-2.1355	0.3607	1.6350
2.3600	-1.2720	-2.1391	0.3674	1.5611
2.3700	-1.2567	-2.1428	0.3739	1.4872
2.3800	-1.2422	-2.1466	0.3800	1.4156
2.3900	-1.2284	-2.1504	0.3858	1.3476
2.4000	-1.2153	-2.1543	0.3913	1.2843
2.4100	-1.2027	-2.1583	0.3965	1.2261
2.4200	-1.1907	-2.1623	0.4015	1.1729
2.4300	-1.1792	-2.1663	0.4062	1.1248
2.4400	-1.1682	-2.1704	0.4107	1.0813
2.4500	-1.1576	-2.1745	0.4151	1.0421
2.4600	-1.1474	-2.1787	0.4192	1.0067
2.4700	-1.1375	-2.1829	0.4233	0.9747
2.4800	-1.1279	-2.1871	0.4271	0.9457
2.4900	-1.1185	-2.1914	0.4309	0.9191
2.5000	-1.1095	-2.1958	0.4345	0.8947
2.5100	-1.1006	-2.2001	0.4380	0.8722
2.5200	-1.0920	-2.2045	0.4415	0.8512
2.5300	-1.0836	-2.2090	0.4448	0.8315
2.5400	-1.0754	-2.2134	0.4480	0.8130
2.5500	-1.0673	-2.2179	0.4512	0.7954
2.5600	-1.0595	-2.2224	0.4543	0.7786
2.5700	-1.0518	-2.2270	0.4573	0.7625
2.5800	-1.0442	-2.2316	0.4602	0.7471
2.5900	-1.0368	-2.2362	0.4631	0.7322
2.6000	-1.0296	-2.2409	0.4659	0.7179
2.6100	-1.0225	-2.2455	0.4686	0.7040
2.6200	-1.0155	-2.2502	0.4713	0.6906
2.6300	-1.0087	-2.2549	0.4739	0.6776
2.6400	-1.0019	-2.2597	0.4764	0.6651
2.6500	-0.9954	-2.2645	0.4789	0.6530
2.6600	-0.9889	-2.2693	0.4814	0.6412
2.6700	-0.9825	-2.2741	0.4837	0.6299
2.6800	-0.9763	-2.2790	0.4861	0.6189
2.6900	-0.9701	-2.2838	0.4884	0.6083
2.7000	-0.9641	-2.2887	0.4906	0.5980
2.7100	-0.9582	-2.2936	0.4928	0.5881
2.7200	-0.9523	-2.2986	0.4949	0.5786
2.7300	-0.9466	-2.3035	0.4970	0.5694
2.7400	-0.9410	-2.3085	0.4991	0.5605
2.7500	-0.9354	-2.3135	0.5011	0.5520
2.7600	-0.9299	-2.3185	0.5031	0.5438
2.7700	-0.9245	-2.3236	0.5051	0.5359
2.7800	-0.9192	-2.3286	0.5070	0.5283
2.7900	-0.9140	-2.3337	0.5089	0.5209
2.8000	-0.9088	-2.3388	0.5107	0.5139
2.8100	-0.9037	-2.3439	0.5125	0.5071
2.8200	-0.8986	-2.3491	0.5143	0.5006
2.8300	-0.8937	-2.3542	0.5161	0.4943
2.8400	-0.8888	-2.3594	0.5178	0.4882
2.8500	-0.8839	-2.3646	0.5195	0.4823
2.8600	-0.8791	-2.3698	0.5212	0.4766
2.8700	-0.8744	-2.3750	0.5229	0.4710
2.8800	-0.8697	-2.3802	0.5245	0.4655
2.8900	-0.8651	-2.3855	0.5261	0.4602
2.9000	-0.8605	-2.3908	0.5277	0.4550
2.9100	-0.8560	-2.3960	0.5292	0.4499
2.9200	-0.8515	-2.4013	0.5308	0.4449
2.9300	-0.8471	-2.4067	0.5323	0.4399
2.9400	-0.8427	-2.4120	0.5338	0.4350
2.9500	-0.8384	-2.4173	0.5352	0.4302
2.9600	-0.8341	-2.4227	0.5367	0.4253
2.9700	-0.8299	-2.4281	0.5381	0.4206
2.9800	-0.8257	-2.4335	0.5395	0.4158
2.9900	-0.8215	-2.4389	0.5409	0.4111
3.0000	-0.8174	-2.4443	0.5423	0.4065
3.0100	-0.8134	-2.4497	0.5436	0.4018
3.0200	-0.8094	-2.4551	0.5449	0.3973
3.0300	-0.8055	-2.4606	0.5463	0.3927
3.0400	-0.8016	-2.4661	0.5475	0.3882
3.0500	-0.7977	-2.4716	0.5488	0.3837
3.0600	-0.7939	-2.4771	0.5501	0.3793
3.0700	-0.7901	-2.4826	0.5513	0.3750
3.0800	-0.7864	-2.4881	0.5525	0.3707
3.0900	-0.7827	-2.4936	0.5537	0.3664
3.1000	-0.7791	-2.4991	0.5549	0.3623
3.1100	-0.7754	-2.5047	0.5560	0.3582
3.1200	-0.7719	-2.5103	0.5572	0.3541
3.1300	-0.7684	-2.5158	0.5583	0.3502
3.1400	-0.7649	-2.5214	0.5594	0.3463
3.1500	-0.7614	-2.5270	0.5605	0.3425
3.1600	-0.7580	-2.5326	0.5616	0.3387
3.1700	-0.7547	-2.5383	0.5627	0.3351
3.1800	-0.7513	-2.5439	0.5637	0.3315
3.1900	-0.7480	-2.5495	0.5647	0.3280
3.2000	-0.7448	-2.5552	0.5658	0.3245
3.2100	-0.7415	-2.5609	0.5668	0.3212
3.2200	-0.7383	-2.5665	0.5678	0.3179
3.2300	-0.7352	-2.5722	0.5687	0.3146
3.2400	-0.7321	-2.5779	0.5697	0.3115
3.2500	-0.7290	-2.5836	0.5707	0.3084
3.2600	-0.7259	-2.5893	0.5716	0.3053
3.2700	-0.7228	-2.5950	0.5725	0.3024
3.2800	-0.7198	-2.6008	0.5735	0.2995
3.2900	-0.7169	-2.6065	0.5744	0.2966
3.3000	-0.7139	-2.6123	0.5753	0.2938
3.3100	-0.7110	-2.6180	0.5761	0.2911
3.3200	-0.7081	-2.6238	0.5770	0.2884
3.3300	-0.7052	-2.6296	0.5779	0.2857
3.3400	-0.7024	-2.6353	0.5787	0.2831
3.3500	-0.6996	-2.6411	0.5796	0.2806
3.3600	-0.6968	-2.6469	0.5804	0.2780
3.3700	-0.6940	-2.6527	0.5812	0.2756
3.3800	-0.6912	-2.6586	0.5820	0.2731
3.3900	-0.6885	-2.6644	0.5828	0.2708
3.4000	-0.6858	-2.6702	0.5836	0.2684
3.4100	-0.6832	-2.6760	0.5844	0.2661
3.4200	-0.6805	-2.6819	0.5852	0.2638
3.4300	-0.6779	-2.6878	0.5860	0.2615
3.4400	-0.6753	-2.6936	0.5867	0.2593
3.4500	-0.6727	-2.6995	0.5875	0.2571
3.4600	-0.6701	-2.7054	0.5882	0.2550
3.4700	-0.6676	-2.7113	0.5889	0.2529
3.4800	-0.6651	-2.7171	0.5897	0.2508
3.4900	-0.6626	-2.7230	0.5904	0.2487
3.5000	-0.6601	-2.7290	0.5911	0.2466
3.5100	-0.6577	-2.7349	0.5918	0.2446
3.5200	-0.6552	-2.7408	0.5925	0.2427
3.5300	-0.6528	-2.7467	0.5932	0.2407
3.5400	-0.6504	-2.7527	0.5939	0.2388
3.5500	-0.6480	-2.7586	0.5945	0.2368
3.5600	-0.6457	-2.7645	0.5952	0.2350
3.5700	-0.6433	-2.7705	0.5958	0.2331
3.5800	-0.6410	-2.7765	0.5965	0.2313
3.5900	-0.6387	-2.7824	0.5971	0.2295
3.6000	-0.6364	-2.7884	0.5978	0.2277
3.6100	-0.6341	-2.7944	0.5984	0.2259
3.6200	-0.6319	-2.8004	0.5990	0.2242
3.6300	-0.6297	-2.8064	0.5996	0.2224
3.6400	-0.6274	-2.8124	0.6003	0.2207
3.6500	-0.6252	-2.8184	0.6009	0.2191
3.6600	-0.6231	-2.8244	0.6015	0.2174
3.6700	-0.6209	-2.8304	0.6020	0.2158
3.6800	-0.6187	-2.8364	0.6026	0.2142
3.6900	-0.6166	-2.8424	0.6032	0.2126
3.7000	-0.6145	-2.8485	0.6038	0.2110
3.7100	-0.6124	-2.8545	0.6043	0.2094
3.7200	-0.6103	-2.8606	0.6049	0.2079
3.7300	-0.6082	-2.8666	0.6055	0.2064
3.7400	-0.6062	-2.8727	0.6060	0.2049
3.7500	-0.6041	-2.8787	0.6066	0.2034
3.7600	-0.6021	-2.8848	0.6071	0.2019
3.7700	-0.6001	-2.8909	0.6076	0.2005
3.7800	-0.5981	-2.8970	0.6082	0.1990
3.7900	-0.5961	-2.9030	0.6087	0.1976
3.8000	-0.5942	-2.9091	0.6092	0.1962
3.8100	-0.5922	-2.9152	0.6097	0.1948
3.8200	-0.5903	-2.9213	0.6102	0.1935
3.8300	-0.5883	-2.9274	0.6107	0.1921
3.8400	-0.5864	-2.9335	0.6112	0.1908
3.8500	-0.5845	-2.9397	0.6117	0.1895
3.8600	-0.5826	-2.9458	0.6122	0.1881
3.8700	-0.5807	-2.9519	0.6127	0.1869
3.8800	-0.5789	-2.9580	0.6132	0.1856
3.8900	-0.5770	-2.9642	0.6137	0.1843
3.9000	-0.5752	-2.9703	0.6141	0.1831
3.9100	-0.5734	-2.9765	0.6146	0.1818
3.9200	-0.5716	-2.9826	0.6151	0.1806
3.9300	-0.5698	-2.9888	0.6155	0.1794
3.9400	-0.5680	-2.9949	0.6160	0.1782
3.9500	-0.5662	-3.0011	0.6164	0.1770
3.9600	-0.5644	-3.0072	0.6169	0.1758
3.9700	-0.5627	-3.0134	0.6173	0.1747
3.9800	-0.5609	-3.0196	0.6178	0.1735
3.9900	-0.5592	-3.0258	0.6182	0.1724
4.0000	-0.5575	-3.0320	0.6186	0.1713
4.0100	-0.5558	-3.0381	0.6190	0.1701
4.0200	-0.5541	-3.0443	0.6195	0.1690
4.0300	-0.5524	-3.0505	0.6199	0.1679
4.0400	-0.5507	-3.0567	0.6203	0.1669
4.0500	-0.5491	-3.0629	0.6207	0.1658
4.0600	-0.5474	-3.0691	0.6211	0.1647
4.0700	-0.5458	-3.0754	0.6215	0.1637
4.0800	-0.5441	-3.0816	0.6219	0.1626
4.0900	-0.5425	-3.0878	0.6223	0.1616
4.1000	-0.5409	-3.0940	0.6227	0.1606
4.1100	-0.5393	-3.1002	0.6231	0.1596
4.1200	-0.5377	-3.1065	0.6235	0.1586
4.1300	-0.5361	-3.1127	0.6239	0.1576
4.1400	-0.5346	-3.1190	0.6242	0.1566
4.1500	-0.5330	-3.1252	0.6246	0.1556
4.1600	-0.5315	-3.1315	0.6250	0.1547
4.1700	-0.5299	-3.1377	0.6254	0.1537
4.1800	-0.5284	-3.1440	0.6257	0.1528
4.1900	-0.5269	-3.1502	0.6261	0.1518
4.2000	-0.5253	-3.1565	0.6265	0.1509
4.2100	-0.5238	-3.1627	0.6268	0.1500
4.2200	-0.5223	-3.1690	0.6272	0.1491
4.2300	-0.5209	-3.1753	0.6275	0.1481
4.2400	-0.5194	-3.1816	0.6279	0.1473
4.2500	-0.5179	-3.1878	0.6282	0.1464
4.2600	-0.5165	-3.1941	0.6286	0.1455
4.2700	-0.5150	-3.2004	0.6289	0.1446
4.2800	-0.5136	-3.2067	0.6292	0.1438
4.2900	-0.5121	-3.2130	0.6296	0.1429
4.3000	-0.5107	-3.2193	0.6299	0.1420
4.3100	-0.5093	-3.2256	0.6302	0.1412
4.3200	-0.5079	-3.2319	0.6306	0.1404
4.3300	-0.5065	-3.2382	0.6309	0.1395
4.3400	-0.5051	-3.2445	0.6312	0.1387
4.3500	-0.5037	-3.2508	0.6315	0.1379
4.3600	-0.5023	-3.2572	0.6318	0.1371
4.3700	-0.5010	-3.2635	0.6322	0.1363
4.3800	-0.4996	-3.2698	0.6325	0.1355
4.3900	-0.4983	-3.2761	0.6328	0.1347
4.4000	-0.4969	-3.2825	0.6331	0.1340
4.4100	-0.4956	-3.2888	0.6334	0.1332
4.4200	-0.4942	-3.2951	0.6337	0.1324
4.4300	-0.4929	-3.3015	0.6340	0.1317
4.4400	-0.4916	-3.3078	0.6343	0.1309
4.4500	-0.4903	-3.3141	0.6346	0.1302
4.4600	-0.4890	-3.3205	0.6349	0.1295
4.4700	-0.4877	-3.3268	0.6352	0.1287
4.4800	-0.4864	-3.3332	0.6354	0.1280
4.4900	-0.4852	-3.3396	0.6357	0.1273
4.5000	-0.4839	-3.3459	0.6360	0.1266
4.5100	-0.4826	-3.3523	0.6363	0.1259
4.5200	-0.4814	-3.3586	0.6366	0.1252
4.5300	-0.4801	-3.3650	0.6368	0.1245
4.5400	-0.4789	-3.3714	0.6371	0.1238
4.5500	-0.4776	-3.3777	0.6374	0.1231
4.5600	-0.4764	-3.3841	0.6377	0.1224
4.5700	-0.4752	-3.3905	0.6379	0.1218
4.5800	-0.4740	-3.3969	0.6382	0.1211
4.5900	-0.4728	-3.4033	0.6384	0.1204
4.6000	-0.4716	-3.4096	0.6387	0.1198
4.6100	-0.4704	-3.4160	0.6390	0.1191
4.6200	-0.4692	-3.4224	0.6392	0.1185
4.6300	-0.4680	-3.4288	0.6395	0.1179
4.6400	-0.4668	-3.4352	0.6397	0.1172
4.6500	-0.4657	-3.4416	0.6400	0.1166
4.6600	-0.4645	-3.4480	0.6402	0.1160
4.6700	-0.4633	-3.4544	0.6405	0.1154
4.6800	-0.4622	-3.4608	0.6407	0.1148
4.6900	-0.4610	-3.4672	0.6410	0.1142
4.7000	-0.4599	-3.4736	0.6412	0.1136
4.7100	-0.4588	-3.4801	0.6415	0.1130
4.7200	-0.4577	-3.4865	0.6417	0.1124
4.7300	-0.4565	-3.4929	0.6419	0.1118
4.7400	-0.4554	-3.4993	0.6422	0.1112
4.7500	-0.4543	-3.5057	0.6424	0.1106
4.7600	-0.4532	-3.5122	0.6426	0.1101
4.7700	-0.4521	-3.5186	0.6429	0.1095
4.7800	-0.4510	-3.5250	0.6431	0.1089
4.7900	-0.4499	-3.5314	0.6433	0.1084
4.8000	-0.4488	-3.5379	0.6435	0.1078
4.8100	-0.4478	-3.5443	0.6438	0.1073
4.8200	-0.4467	-3.5508	0.6440	0.1067
4.8300	-0.4456	-3.5572	0.6442	0.1062
4.8400	-0.4446	-3.5636	0.6444	0.1056
4.8500	-0.4435	-3.5701	0.6447	0.1051
4.8600	-0.4425	-3.5765	0.6449	0.1046
4.8700	-0.4414	-3.5830	0.6451	0.1040
4.8800	-0.4404	-3.5894	0.6453	0.1035
4.8900	-0.4394	-3.5959	0.6455	0.1030
4.9000	-0.4383	-3.6023	0.6457	0.1025
4.9100	-0.4373	-3.6088	0.6459	0.1020
4.9200	-0.4363	-3.6153	0.6461	0.1015
4.9300	-0.4353	-3.6217	0.6463	0.1010
4.9400	-0.4343	-3.6282	0.6465	0.1005
4.9500	-0.4333	-3.6347	0.6467	0.1000
4.9600	-0.4323	-3.6411	0.6469	0.0995
4.9700	-0.4313	-3.6476	0.6471	0.0990
4.9800	-0.4303	-3.6541	0.6473	0.0985
4.9900	-0.4293	-3.6605	0.6475	0.0981
5.0000	-0.4283	-3.6670	0.6477	0.0976
5.0100	-0.4274	-3.6735	0.6479	0.0971
5.0200	-0.4264	-3.6800	0.6481	0.0966
5.0300	-0.4254	-3.6865	0.6483	0.0962
5.0400	-0.4245	-3.6929	0.6485	0.0957
5.0500	-0.4235	-3.6994	0.6487	0.0953
5.0600	-0.4226	-3.7059	0.6489	0.0948
5.0700	-0.4216	-3.7124	0.6491	0.0944
5.0800	-0.4207	-3.7189	0.6493	0.0939
5.0900	-0.4197	-3.7254	0.6494	0.0935
5.1000	-0.4188	-3.7319	0.6496	0.0930
5.1100	-0.4179	-3.7384	0.6498	0.0926
5.1200	-0.4170	-3.7449	0.6500	0.0922
5.1300	-0.4160	-3.7514	0.6502	0.0917
5.1400	-0.4151	-3.7579	0.6503	0.0913
5.1500	-0.4142	-3.7644	0.6505	0.0909
5.1600	-0.4133	-3.7709	0.6507	0.0905
5.1700	-0.4124	-3.7774	0.6509	0.0900
5.1800	-0.4115	-3.7839	0.6510	0.0896
5.1900	-0.4106	-3.7904	0.6512	0.0892
5.2000	-0.4097	-3.7969	0.6514	0.0888
5.2100	-0.4088	-3.8035	0.6516	0.0884
5.2200	-0.4079	-3.8100	0.6517	0.0880
5.2300	-0.4071	-3.8165	0.6519	0.0876
5.2400	-0.4062	-3.8230	0.6521	0.0872
5.2500	-0.4053	-3.8295	0.6522	0.0868
5.2600	-0.4045	-3.8361	0.6524	0.0864
5.2700	-0.4036	-3.8426	0.6526	0.0860
5.2800	-0.4027	-3.8491	0.6527	0.0857
5.2900	-0.4019	-3.8556	0.6529	0.0853
5.3000	-0.4010	-3.8622	0.6530	0.0849
5.3100	-0.4002	-3.8687	0.6532	0.0845
5.3200	-0.3993	-3.8752	0.6534	0.0841
5.3300	-0.3985	-3.8818	0.6535	0.0838
5.3400	-0.3977	-3.8883	0.6537	0.0834
5.3500	-0.3968	-3.8948	0.6538	0.0830
5.3600	-0.3960	-3.9014	0.6540	0.0827
5.3700	-0.3952	-3.9079	0.6541	0.0823
5.3800	-0.3944	-3.9145	0.6543	0.0820
5.3900	-0.3935	-3.9210	0.6544	0.0816
5.4000	-0.3927	-3.9275	0.6546	0.0813
5.4100	-0.3919	-3.9341	0.6547	0.0809
5.4200	-0.3911	-3.9406	0.6549	0.0806
5.4300	-0.3903	-3.9472	0.6550	0.0802
5.4400	-0.3895	-3.9537	0.6552	0.0799
5.4500	-0.3887	-3.9603	0.6553	0.0795
5.4600	-0.3879	-3.9669	0.6555	0.0792
5.4700	-0.3871	-3.9734	0.6556	0.0789
5.4800	-0.3863	-3.9800	0.6558	0.0785
5.4900	-0.3856	-3.9865	0.6559	0.0782
5.5000	-0.3848	-3.9931	0.6561	0.0779
5.5100	-0.3840	-3.9996	0.6562	0.0775
5.5200	-0.3832	-4.0062	0.6563	0.0772
5.5300	-0.3825	-4.0128	0.6565	0.0769
5.5400	-0.3817	-4.0193	0.6566	0.0766
5.5500	-0.3809	-4.0259	0.6568	0.0762
5.5600	-0.3802	-4.0325	0.6569	0.0759
5.5700	-0.3794	-4.0390	0.6570	0.0756
5.5800	-0.3786	-4.0456	0.6572	0.0753
5.5900	-0.3779	-4.0522	0.6573	0.0750
5.6000	-0.3771	-4.0588	0.6574	0.0747
5.6100	-0.3764	-4.0653	0.6576	0.0744
5.6200	-0.3757	-4.0719	0.6577	0.0741
5.6300	-0.3749	-4.0785	0.6578	0.0738
5.6400	-0.3742	-4.0851	0.6580	0.0735
5.6500	-0.3735	-4.0916	0.6581	0.0732
5.6600	-0.3727	-4.0982	0.6582	0.0729
5.6700	-0.3720	-4.1048	0.6583	0.0726
5.6800	-0.3713	-4.1114	0.6585	0.0723
5.6900	-0.3705	-4.1180	0.6586	0.0720
5.7000	-0.3698	-4.1246	0.6587	0.0717
5.7100	-0.3691	-4.1312	0.6589	0.0714
5.7200	-0.3684	-4.1377	0.6590	0.0712
5.7300	-0.3677	-4.1443	0.6591	0.0709
5.7400	-0.3670	-4.1509	0.6592	0.0706
5.7500	-0.3663	-4.1575	0.6593	0.0703
5.7600	-0.3656	-4.1641	0.6595	0.0700
5.7700	-0.3649	-4.1707	0.6596	0.0698
5.7800	-0.3642	-4.1773	0.6597	0.0695
5.7900	-0.3635	-4.1839	0.6598	0.0692
5.8000	-0.3628	-4.1905	0.6599	0.0689
5.8100	-0.3621	-4.1971	0.6601	0.0687
5.8200	-0.3614	-4.2037	0.6602	0.0684
5.8300	-0.3607	-4.2103	0.6603	0.0681
5.8400	-0.3601	-4.2169	0.6604	0.0679
5.8500	-0.3594	-4.2235	0.6605	0.0676
5.8600	-0.3587	-4.2301	0.6607	0.0674
5.8700	-0.3580	-4.2367	0.6608	0.0671
5.8800	-0.3574	-4.2433	0.6609	0.0668
5.8900	-0.3567	-4.2499	0.6610	0.0666
5.9000	-0.3560	-4.2566	0.6611	0.0663
5.9100	-0.3554	-4.2632	0.6612	0.0661
5.9200	-0.3547	-4.2698	0.6613	0.0658
5.9300	-0.3541	-4.2764	0.6614	0.0656
5.9400	-0.3534	-4.2830	0.6615	0.0653
5.9500	-0.3527	-4.2896	0.6617	0.0651
5.9600	-0.3521	-4.2962	0.6618	0.0648
5.9700	-0.3515	-4.3029	0.6619	0.0646
5.9800	-0.3508	-4.3095	0.6620	0.0644
5.9900	-0.3502	-4.3161	0.6621	0.0641
6.0000	-0.3495	-4.3227	0.6622	0.0639
6.0100	-0.3489	-4.3293	0.6623	0.0636
6.0200	-0.3483	-4.3360	0.6624	0.0634
6.0300	-0.3476	-4.3426	0.6625	0.0632
6.0400	-0.3470	-4.3492	0.6626	0.0629
6.0500	-0.3464	-4.3558	0.6627	0.0627
6.0600	-0.3457	-4.3625	0.6628	0.0625
6.0700	-0.3451	-4.3691	0.6629	0.0622
6.0800	-0.3445	-4.3757	0.6630	0.0620
6.0900	-0.3439	-4.3824	0.6631	0.0618
6.1000	-0.3433	-4.3890	0.6632	0.0616
6.1100	-0.3426	-4.3956	0.6633	0.0613
6.1200	-0.3420	-4.4023	0.6634	0.0611
6.1300	-0.3414	-4.4089	0.6635	0.0609
6.1400	-0.3408	-4.4155	0.6636	0.0607
6.1500	-0.3402	-4.4222	0.6637	0.0604
6.1600	-0.3396	-4.4288	0.6638	0.0602
6.1700	-0.3390	-4.4354	0.6639	0.0600
6.1800	-0.3384	-4.4421	0.6640	0.0598
6.1900	-0.3378	-4.4487	0.6641	0.0596
6.2000	-0.3372	-4.4554	0.6642	0.0594
6.2100	-0.3366	-4.4620	0.6643	0.0592
6.2200	-0.3360	-4.4687	0.6644	0.0589
6.2300	-0.3354	-4.4753	0.6645	0.0587
6.2400	-0.3349	-4.4819	0.6646	0.0585
6.2500	-0.3343	-4.4886	0.6647	0.0583
6.2600	-0.3337	-4.4952	0.6648	0.0581
6.2700	-0.3331	-4.5019	0.6649	0.0579
6.2800	-0.3325	-4.5085	0.6650	0.0577
6.2900	-0.3320	-4.5152	0.6651	0.0575
6.3000	-0.3314	-4.5218	0.6652	0.0573
6.3100	-0.3308	-4.5285	0.6652	0.0571
6.3200	-0.3302	-4.5351	0.6653	0.0569
6.3300	-0.3297	-4.5418	0.6654	0.0567
6.3400	-0.3291	-4.5484	0.6655	0.0565
6.3500	-0.3285	-4.5551	0.6656	0.0563
6.3600	-0.3280	-4.5618	0.6657	0.0561
6.3700	-0.3274	-4.5684	0.6658	0.0559
6.3800	-0.3269	-4.5751	0.6659	0.0557
6.3900	-0.3263	-4.5817	0.6660	0.0555
6.4000	-0.3257	-4.5884	0.6660	0.0553
6.4100	-0.3252	-4.5951	0.6661	0.0551
6.4200	-0.3246	-4.6017	0.6662	0.0549
6.4300	-0.3241	-4.6084	0.6663	0.0548
6.4400	-0.3236	-4.6150	0.6664	0.0546
6.4500	-0.3230	-4.6217	0.6665	0.0544
6.4600	-0.3225	-4.6284	0.6665	0.0542
6.4700	-0.3219	-4.6350	0.6666	0.0540
6.4800	-0.3214	-4.6417	0.6667	0.0538
6.4900	-0.3208	-4.6484	0.6668	0.0536
6.5000	-0.3203	-4.6550	0.6669	0.0535
6.5100	-0.3198	-4.6617	0.6670	0.0533
6.5200	-0.3192	-4.6684	0.6670	0.0531
6.5300	-0.3187	-4.6750	0.6671	0.0529
6.5400	-0.3182	-4.6817	0.6672	0.0527
6.5500	-0.3177	-4.6884	0.6673	0.0526
6.5600	-0.3171	-4.6951	0.6674	0.0524
6.5700	-0.3166	-4.7017	0.6674	0.0522
6.5800	-0.3161	-4.7084	0.6675	0.0520
6.5900	-0.3156	-4.7151	0.6676	0.0519
6.6000	-0.3151	-4.7218	0.6677	0.0517
6.6100	-0.3145	-4.7284	0.6678	0.0515
6.6200	-0.3140	-4.7351	0.6678	0.0513
6.6300	-0.3135	-4.7418	0.6679	0.0512
6.6400	-0.3130	-4.7485	0.6680	0.0510
6.6500	-0.3125	-4.7552	0.6681	0.0508
6.6600	-0.3120	-4.7618	0.6681	0.0507
6.6700	-0.3115	-4.7685	0.6682	0.0505
6.6800	-0.3110	-4.7752	0.6683	0.0503
6.6900	-0.3105	-4.7819	0.6684	0.0502
6.7000	-0.3100	-4.7886	0.6684	0.0500
6.7100	-0.3095	-4.7953	0.6685	0.0498
6.7200	-0.3090	-4.8019	0.6686	0.0497
6.7300	-0.3085	-4.8086	0.6687	0.0495
6.7400	-0.3080	-4.8153	0.6687	0.0493
6.7500	-0.3075	-4.8220	0.6688	0.0492
6.7600	-0.3070	-4.8287	0.6689	0.0490
6.7700	-0.3065	-4.8354	0.6690	0.0489
6.7800	-0.3060	-4.8421	0.6690	0.0487
6.7900	-0.3055	-4.8488	0.6691	0.0485
6.8000	-0.3051	-4.8555	0.6692	0.0484
6.8100	-0.3046	-4.8621	0.6692	0.0482
6.8200	-0.3041	-4.8688	0.6693	0.0481
6.8300	-0.3036	-4.8755	0.6694	0.0479
6.8400	-0.3031	-4.8822	0.6695	0.0478
6.8500	-0.3027	-4.8889	0.6695	0.0476
6.8600	-0.3022	-4.8956	0.6696	0.0474
6.8700	-0.3017	-4.9023	0.6697	0.0473
6.8800	-0.3012	-4.9090	0.6697	0.0471
6.8900	-0.3008	-4.9157	0.6698	0.0470
6.9000	-0.3003	-4.9224	0.6699	0.0468
6.9100	-0.2998	-4.9291	0.6699	0.0467
6.9200	-0.2994	-4.9358	0.6700	0.0465
6.9300	-0.2989	-4.9425	0.6701	0.0464
6.9400	-0.2984	-4.9492	0.6701	0.0462
6.9500	-0.2980	-4.9559	0.6702	0.0461
6.9600	-0.2975	-4.9626	0.6703	0.0460
6.9700	-0.2971	-4.9693	0.6703	0.0458
6.9800	-0.2966	-4.9760	0.6704	0.0457
6.9900	-0.2961	-4.9827	0.6705	0.0455
7.0000	-0.2957	-4.9894	0.6705	0.0454
7.0100	-0.2952	-4.9961	0.6706	0.0452
7.0200	-0.2948	-5.0028	0.6707	0.0451
7.0300	-0.2943	-5.0095	0.6707	0.0450
7.0400	-0.2939	-5.0163	0.6708	0.0448
7.0500	-0.2934	-5.0230	0.6709	0.0447
7.0600	-0.2930	-5.0297	0.6709	0.0445
7.0700	-0.2925	-5.0364	0.6710	0.0444
7.0800	-0.2921	-5.0431	0.6710	0.0443
7.0900	-0.2917	-5.0498	0.6711	0.0441
7.1000	-0.2912	-5.0565	0.6712	0.0440
7.1100	-0.2908	-5.0632	0.6712	0.0438
7.1200	-0.2903	-5.0699	0.6713	0.0437
7.1300	-0.2899	-5.0767	0.6714	0.0436
7.1400	-0.2895	-5.0834	0.6714	0.0434
7.1500	-0.2890	-5.0901	0.6715	0.0433
7.1600	-0.2886	-5.0968	0.6715	0.0432
7.1700	-0.2882	-5.1035	0.6716	0.0430
7.1800	-0.2877	-5.1102	0.6717	0.0429
7.1900	-0.2873	-5.1169	0.6717	0.0428
7.2000	-0.2869	-5.1237	0.6718	0.0426
7.2100	-0.2865	-5.1304	0.6718	0.0425
7.2200	-0.2860	-5.1371	0.6719	0.0424
7.2300	-0.2856	-5.1438	0.6720	0.0423
7.2400	-0.2852	-5.1505	0.6720	0.0421
7.2500	-0.2848	-5.1573	0.6721	0.0420
7.2600	-0.2844	-5.1640	0.6721	0.0419
7.2700	-0.2839	-5.1707	0.6722	0.0417
7.2800	-0.2835	-5.1774	0.6722	0.0416
7.2900	-0.2831	-5.1841	0.6723	0.0415
7.3000	-0.2827	-5.1909	0.6724	0.0414
7.3100	-0.2823	-5.1976	0.6724	0.0412
7.3200	-0.2819	-5.2043	0.6725	0.0411
7.3300	-0.2815	-5.2110	0.6725	0.0410
7.3400	-0.2810	-5.2178	0.6726	0.0409
7.3500	-0.2806	-5.2245	0.6726	0.0407
7.3600	-0.2802	-5.2312	0.6727	0.0406
7.3700	-0.2798	-5.2379	0.6727	0.0405
7.3800	-0.2794	-5.2447	0.6728	0.0404
7.3900	-0.2790	-5.2514	0.6729	0.0403
7.4000	-0.2786	-5.2581	0.6729	0.0401
7.4100	-0.2782	-5.2649	0.6730	0.0400
7.4200	-0.2778	-5.2716	0.6730	0.0399
7.4300	-0.2774	-5.2783	0.6731	0.0398
7.4400	-0.2770	-5.2851	0.6731	0.0397
7.4500	-0.2766	-5.2918	0.6732	0.0396
7.4600	-0.2762	-5.2985	0.6732	0.0394
7.4700	-0.2758	-5.3052	0.6733	0.0393
7.4800	-0.2754	-5.3120	0.6733	0.0392
7.4900	-0.2750	-5.3187	0.6734	0.0391
7.5000	-0.2747	-5.3255	0.6734	0.0390
7.5100	-0.2743	-5.3322	0.6735	0.0389
7.5200	-0.2739	-5.3389	0.6735	0.0387
7.5300	-0.2735	-5.3457	0.6736	0.0386
7.5400	-0.2731	-5.3524	0.6736	0.0385
7.5500	-0.2727	-5.3591	0.6737	0.0384
7.5600	-0.2723	-5.3659	0.6737	0.0383
7.5700	-0.2720	-5.3726	0.6738	0.0382
7.5800	-0.2716	-5.3793	0.6738	0.0381
7.5900	-0.2712	-5.3861	0.6739	0.0380
7.6000	-0.2708	-5.3928	0.6739	0.0379
7.6100	-0.2704	-5.3996	0.6740	0.0377
7.6200	-0.2701	-5.4063	0.6740	0.0376
7.6300	-0.2697	-5.4130	0.6741	0.0375
7.6400	-0.2693	-5.4198	0.6741	0.0374
7.6500	-0.2689	-5.4265	0.6742	0.0373
7.6600	-0.2686	-5.4333	0.6742	0.0372
7.6700	-0.2682	-5.4400	0.6743	0.0371
7.6800	-0.2678	-5.4468	0.6743	0.0370
7.6900	-0.2675	-5.4535	0.6744	0.0369
7.7000	-0.2671	-5.4602	0.6744	0.0368
7.7100	-0.2667	-5.4670	0.6745	0.0367
7.7200	-0.2663	-5.4737	0.6745	0.0366
7.7300	-0.2660	-5.4805	0.6746	0.0365
7.7400	-0.2656	-5.4872	0.6746	0.0364
7.7500	-0.2653	-5.4940	0.6747	0.0363
7.7600	-0.2649	-5.5007	0.6747	0.0362
7.7700	-0.2645	-5.5075	0.6748	0.0361
7.7800	-0.2642	-5.5142	0.6748	0.0360
7.7900	-0.2638	-5.5210	0.6749	0.0359
7.8000	-0.2635	-5.5277	0.6749	0.0358
7.8100	-0.2631	-5.5345	0.6749	0.0357
7.8200	-0.2627	-5.5412	0.6750	0.0356
7.8300	-0.2624	-5.5480	0.6750	0.0355
7.8400	-0.2620	-5.5547	0.6751	0.0354
7.8500	-0.2617	-5.5615	0.6751	0.0353
7.8600	-0.2613	-5.5682	0.6752	0.0352
7.8700	-0.2610	-5.5750	0.6752	0.0351
7.8800	-0.2606	-5.5817	0.6753	0.0350
7.8900	-0.2603	-5.5885	0.6753	0.0349
7.9000	-0.2599	-5.5952	0.6754	0.0348
7.9100	-0.2596	-5.6020	0.6754	0.0347
7.9200	-0.2592	-5.6087	0.6754	0.0346
7.9300	-0.2589	-5.6155	0.6755	0.0345
7.9400	-0.2585	-5.6222	0.6755	0.0344
7.9500	-0.2582	-5.6290	0.6756	0.0343
7.9600	-0.2579	-5.6357	0.6756	0.0342
7.9700	-0.2575	-5.6425	0.6757	0.0341
7.9800	-0.2572	-5.6493	0.6757	0.0340
7.9900	-0.2568	-5.6560	0.6757	0.0339
8.0000	-0.2565	-5.6628	0.6758	0.0338
