T	Ut	Ft	St	Ct
0.0100	-nan	-inf	-nan	-nan
0.0200	-2.0000	-2.0000	0.0000	0.0000
0.0300	-2.0000	-2.0000	0.0000	0.0000
0.0400	-2.0000	-2.0000	0.0000	0.0000
0.0500	-2.0000	-2.0000	0.0000	0.0000
0.0600	-2.0000	-2.0000	0.0000	0.0000
0.0700	-2.0000	-2.0000	0.0000	0.0000
0.0800	-2.0000	-2.0000	0.0000	0.0000
0.0900	-2.0000	-2.0000	-0.0000	0.0000
0.1000	-2.0000	-2.0000	0.0000	0.0000
0.1100	-2.0000	-2.0000	0.0000	0.0000
0.1200	-2.0000	-2.0000	0.0000	0.0000
0.1300	-2.0000	-2.0000	0.0000	0.0000
0.1400	-2.0000	-2.0000	0.0000	0.0000
0.1500	-2.0000	-2.0000	0.0000	0.0000
0.1600	-2.0000	-2.0000	0.0000	0.0000
0.1700	-2.0000	-2.0000	0.0000	0.0000
0.1800	-2.0000	-2.0000	-0.0000	-0.0000
0.1900	-2.0000	-2.0000	0.0000	0.0000
0.2000	-2.0000	-2.0000	0.0000	0.0000
0.2100	-2.0000	-2.0000	0.0000	-0.0000
0.2200	-2.0000	-2.0000	0.0000	0.0000
0.2300	-2.0000	-2.0000	0.0000	0.0000
0.2400	-2.0000	-2.0000	0.0000	0.0000
0.2500	-2.0000	-2.0000	0.0000	0.0000
0.2600	-2.0000	-2.0000	0.0000	0.0000
0.2700	-2.0000	-2.0000	0.0000	0.0000
0.2800	-2.0000	-2.0000	0.0000	0.0000
0.2900	-2.0000	-2.0000	0.0000	0.0000
0.3000	-2.0000	-2.0000	0.0000	0.0000
0.3100	-2.0000	-2.0000	0.0000	0.0000
0.3200	-2.0000	-2.0000	0.0000	0.0000
0.3300	-2.0000	-2.0000	0.0000	0.0000
0.3400	-2.0000	-2.0000	0.0000	0.0000
0.3500	-2.0000	-2.0000	0.0000	0.0000
0.3600	-2.0000	-2.0000	0.0000	0.0000
0.3700	-2.0000	-2.0000	0.0000	0.0000
0.3800	-2.0000	-2.0000	0.0000	0.0000
0.3900	-2.0000	-2.0000	0.0000	0.0000
0.4000	-2.0000	-2.0000	0.0000	0.0000
0.4100	-2.0000	-2.0000	0.0000	0.0000
0.4200	-2.0000	-2.0000	0.0000	0.0000
0.4300	-2.0000	-2.0000	0.0000	0.0000
0.4400	-2.0000	-2.0000	0.0000	0.0000
0.4500	-2.0000	-2.0000	0.0000	0.0000
0.4600	-2.0000	-2.0000	0.0000	0.0000
0.4700	-2.0000	-2.0000	0.0000	0.0000
0.4800	-2.0000	-2.0000	0.0000	0.0000
0.4900	-2.0000	-2.0000	0.0000	0.0000
0.5000	-2.0000	-2.0000	0.0000	0.0000
0.5100	-2.0000	-2.0000	0.0000	0.0000
0.5200	-2.0000	-2.0000	0.0000	0.0000
0.5300	-2.0000	-2.0000	0.0000	0.0001
0.5400	-2.0000	-2.0000	0.0000	0.0001
0.5500	-2.0000	-2.0000	0.0000	0.0001
0.5600	-2.0000	-2.0000	0.0000	0.0001
0.5700	-2.0000	-2.0000	0.0000	0.0001
0.5800	-2.0000	-2.0000	0.0000	0.0002
0.5900	-2.0000	-2.0000	0.0000	0.0002
0.6000	-2.0000	-2.0000	0.0000	0.0003
0.6100	-2.0000	-2.0000	0.0000	0.0003
0.6200	-2.0000	-2.0000	0.0000	0.0004
0.6300	-2.0000	-2.0000	0.0000	0.0005
0.6400	-2.0000	-2.0000	0.0000	0.0006
0.6500	-2.0000	-2.0000	0.0001	0.0007
0.6600	-2.0000	-2.0000	0.0001	0.0008
0.6700	-2.0000	-2.0000	0.0001	0.0009
0.6800	-1.9999	-2.0000	0.0001	0.0010
0.6900	-1.9999	-2.0000	0.0001	0.0012
0.7000	-1.9999	-2.0000	0.0001	0.0014
0.7100	-1.9999	-2.0000	0.0001	0.0016
0.7200	-1.9999	-2.0000	0.0002	0.0018
0.7300	-1.9999	-2.0000	0.0002	0.0020
0.7400	-1.9998	-2.0000	0.0002	0.0023
0.7500	-1.9998	-2.0000	0.0003	0.0026
0.7600	-1.9998	-2.0000	0.0003	0.0029
0.7700	-1.9998	-2.0000	0.0003	0.0032
0.7800	-1.9997	-2.0000	0.0004	0.0036
0.7900	-1.9997	-2.0000	0.0004	0.0040
0.8000	-1.9997	-2.0000	0.0005	0.0044
0.8100	-1.9996	-2.0000	0.0005	0.0049
0.8200	-1.9996	-2.0000	0.0006	0.0054
0.8300	-1.9995	-2.0001	0.0007	0.0059
0.8400	-1.9994	-2.0001	0.0007	0.0065
0.8500	-1.9994	-2.0001	0.0008	0.0071
0.8600	-1.9993	-2.0001	0.0009	0.0078
0.8700	-1.9992	-2.0001	0.0010	0.0085
0.8800	-1.9991	-2.0001	0.0011	0.0092
0.8900	-1.9990	-2.0001	0.0012	0.0100
0.9000	-1.9989	-2.0001	0.0013	0.0109
0.9100	-1.9988	-2.0001	0.0015	0.0118
0.9200	-1.9987	-2.0001	0.0016	0.0128
0.9300	-1.9986	-2.0002	0.0017	0.0138
0.9400	-1.9984	-2.0002	0.0019	0.0149
0.9500	-1.9983	-2.0002	0.0020	0.0160
0.9600	-1.9981	-2.0002	0.0022	0.0172
0.9700	-1.9979	-2.0002	0.0024	0.0185
0.9800	-1.9977	-2.0003	0.0026	0.0198
0.9900	-1.9975	-2.0003	0.0028	0.0212
1.0000	-1.9973	-2.0003	0.0030	0.0227
1.0100	-1.9971	-2.0004	0.0033	0.0243
1.0200	-1.9968	-2.0004	0.0035	0.0259
1.0300	-1.9965	-2.0004	0.0038	0.0276
1.0400	-1.9963	-2.0005	0.0040	0.0294
1.0500	-1.9960	-2.0005	0.0043	0.0312
1.0600	-1.9956	-2.0006	0.0046	0.0331
1.0700	-1.9953	-2.0006	0.0050	0.0351
1.0800	-1.9949	-2.0007	0.0053	0.0372
1.0900	-1.9945	-2.0007	0.0057	0.0393
1.1000	-1.9941	-2.0008	0.0060	0.0415
1.1100	-1.9937	-2.0008	0.0064	0.0437
1.1200	-1.9933	-2.0009	0.0068	0.0460
1.1300	-1.9928	-2.0010	0.0072	0.0483
1.1400	-1.9923	-2.0010	0.0077	0.0507
1.1500	-1.9918	-2.0011	0.0081	0.0531
1.1600	-1.9912	-2.0012	0.0086	0.0556
1.1700	-1.9907	-2.0013	0.0091	0.0581
1.1800	-1.9901	-2.0014	0.0096	0.0607
1.1900	-1.9895	-2.0015	0.0101	0.0634
1.2000	-1.9888	-2.0016	0.0106	0.0661
1.2100	-1.9881	-2.0017	0.0112	0.0689
1.2200	-1.9874	-2.0018	0.0118	0.0718
1.2300	-1.9867	-2.0019	0.0124	0.0747
1.2400	-1.9859	-2.0021	0.0130	0.0778
1.2500	-1.9851	-2.0022	0.0136	0.0810
1.2600	-1.9843	-2.0023	0.0143	0.0843
1.2700	-1.9835	-2.0025	0.0150	0.0877
1.2800	-1.9826	-2.0026	0.0157	0.0912
1.2900	-1.9816	-2.0028	0.0164	0.0949
1.3000	-1.9807	-2.0030	0.0172	0.0987
1.3100	-1.9797	-2.0031	0.0179	0.1027
1.3200	-1.9786	-2.0033	0.0187	0.1067
1.3300	-1.9775	-2.0035	0.0195	0.1109
1.3400	-1.9764	-2.0037	0.0204	0.1152
1.3500	-1.9752	-2.0039	0.0213	0.1196
1.3600	-1.9740	-2.0041	0.0222	0.1241
1.3700	-1.9727	-2.0044	0.0231	0.1288
1.3800	-1.9714	-2.0046	0.0240	0.1335
1.3900	-1.9701	-2.0048	0.0250	0.1384
1.4000	-1.9687	-2.0051	0.0260	0.1435
1.4100	-1.9672	-2.0054	0.0271	0.1486
1.4200	-1.9657	-2.0056	0.0281	0.1540
1.4300	-1.9641	-2.0059	0.0292	0.1594
1.4400	-1.9625	-2.0062	0.0304	0.1650
1.4500	-1.9608	-2.0065	0.0315	0.1706
1.4600	-1.9591	-2.0069	0.0327	0.1764
1.4700	-1.9573	-2.0072	0.0339	0.1822
1.4800	-1.9554	-2.0075	0.0352	0.1881
1.4900	-1.9535	-2.0079	0.0365	0.1940
1.5000	-1.9516	-2.0083	0.0378	0.1999
1.5100	-1.9495	-2.0086	0.0392	0.2058
1.5200	-1.9474	-2.0090	0.0405	0.2116
1.5300	-1.9453	-2.0095	0.0419	0.2175
1.5400	-1.9431	-2.0099	0.0434	0.2233
1.5500	-1.9408	-2.0103	0.0448	0.2292
1.5600	-1.9385	-2.0108	0.0463	0.2351
1.5700	-1.9361	-2.0113	0.0479	0.2412
1.5800	-1.9337	-2.0117	0.0494	0.2474
1.5900	-1.9312	-2.0122	0.0510	0.2537
1.6000	-1.9286	-2.0128	0.0526	0.2603
1.6100	-1.9260	-2.0133	0.0542	0.2672
1.6200	-1.9233	-2.0138	0.0559	0.2743
1.6300	-1.9205	-2.0144	0.0576	0.2817
1.6400	-1.9176	-2.0150	0.0594	0.2894
1.6500	-1.9147	-2.0156	0.0612	0.2974
1.6600	-1.9117	-2.0162	0.0630	0.3056
1.6700	-1.9086	-2.0169	0.0648	0.3141
1.6800	-1.9054	-2.0175	0.0667	0.3228
1.6900	-1.9021	-2.0182	0.0687	0.3317
1.7000	-1.8988	-2.0189	0.0707	0.3408
1.7100	-1.8953	-2.0196	0.0727	0.3502
1.7200	-1.8918	-2.0203	0.0748	0.3597
1.7300	-1.8881	-2.0211	0.0769	0.3694
1.7400	-1.8844	-2.0219	0.0790	0.3794
1.7500	-1.8805	-2.0227	0.0812	0.3895
1.7600	-1.8766	-2.0235	0.0835	0.3999
1.7700	-1.8725	-2.0244	0.0858	0.4106
1.7800	-1.8684	-2.0252	0.0881	0.4214
1.7900	-1.8641	-2.0261	0.0905	0.4323
1.8000	-1.8597	-2.0270	0.0930	0.4433
1.8100	-1.8552	-2.0280	0.0954	0.4543
1.8200	-1.8506	-2.0289	0.0980	0.4653
1.8300	-1.8459	-2.0299	0.1005	0.4761
1.8400	-1.8411	-2.0310	0.1032	0.4868
1.8500	-1.8362	-2.0320	0.1058	0.4976
1.8600	-1.8312	-2.0331	0.1086	0.5085
1.8700	-1.8260	-2.0342	0.1113	0.5198
1.8800	-1.8208	-2.0353	0.1141	0.5317
1.8900	-1.8154	-2.0365	0.1170	0.5444
1.9000	-1.8099	-2.0376	0.1199	0.5581
1.9100	-1.8042	-2.0388	0.1228	0.5729
1.9200	-1.7984	-2.0401	0.1259	0.5886
1.9300	-1.7924	-2.0414	0.1290	0.6053
1.9400	-1.7863	-2.0427	0.1321	0.6228
1.9500	-1.7800	-2.0440	0.1354	0.6408
1.9600	-1.7735	-2.0454	0.1387	0.6591
1.9700	-1.7668	-2.0468	0.1421	0.6776
1.9800	-1.7599	-2.0482	0.1456	0.6962
1.9900	-1.7529	-2.0497	0.1492	0.7147
2.0000	-1.7456	-2.0512	0.1528	0.7332
2.0100	-1.7382	-2.0528	0.1565	0.7519
2.0200	-1.7306	-2.0543	0.1603	0.7706
2.0300	-1.7228	-2.0560	0.1641	0.7896
2.0400	-1.7148	-2.0576	0.1680	0.8090
2.0500	-1.7066	-2.0593	0.1720	0.8291
2.0600	-1.6982	-2.0611	0.1761	0.8500
2.0700	-1.6896	-2.0628	0.1803	0.8722
2.0800	-1.6808	-2.0647	0.1846	0.8959
2.0900	-1.6717	-2.0665	0.1889	0.9213
2.1000	-1.6623	-2.0684	0.1934	0.9486
2.1100	-1.6527	-2.0704	0.1980	0.9781
2.1200	-1.6428	-2.0724	0.2027	1.0099
2.1300	-1.6325	-2.0745	0.2075	1.0443
2.1400	-1.6219	-2.0766	0.2125	1.0814
2.1500	-1.6109	-2.0787	0.2176	1.1217
2.1600	-1.5994	-2.0809	0.2229	1.1656
2.1700	-1.5875	-2.0832	0.2284	1.2137
2.1800	-1.5751	-2.0855	0.2341	1.2666
2.1900	-1.5622	-2.0878	0.2400	1.3255
2.2000	-1.5486	-2.0903	0.2462	1.3918
2.2100	-1.5343	-2.0928	0.2527	1.4675
2.2200	-1.5192	-2.0953	0.2595	1.5545
2.2300	-1.5032	-2.0980	0.2667	1.6538
2.2400	-1.4861	-2.1007	0.2744	1.7633
2.2500	-1.4679	-2.1035	0.2825	1.8770
2.2600	-1.4486	-2.1063	0.2910	1.9833
2.2700	-1.4283	-2.1093	0.3000	2.0669
2.2800	-1.4074	-2.1123	0.3092	2.1128
2.2900	-1.3862	-2.1155	0.3184	2.1118
2.3000	-1.3653	-2.1187	0.3276	2.0642
2.3100	-1.3451	-2.1220	0.3363	1.9796
2.3200	-1.3258	-2.1254	0.3447	1.8727
2.3300	-1.3076	-2.1289	0.3525	1.7575
2.3400	-1.2906	-2.1325	0.3598	1.6450
2.3500	-1.2747	-2.1361	0.3666	1.5419
2.3600	-1.2597	-2.1398	0.3729	1.4509
2.3700	-1.2456	-2.1436	0.3789	1.3726
2.3800	-1.2323	-2.1474	0.3845	1.3059
2.3900	-1.2195	-2.1512	0.3899	1.2489
2.4000	-1.2073	-2.1552	0.3950	1.1994
2.4100	-1.1955	-2.1591	0.3999	1.1554
2.4200	-1.1841	-2.1632	0.4046	1.1151
2.4300	-1.1732	-2.1672	0.4091	1.0773
2.4400	-1.1626	-2.1713	0.4134	1.0412
2.4500	-1.1523	-2.1755	0.4176	1.0067
2.4600	-1.1424	-2.1797	0.4216	0.9739
2.4700	-1.1329	-2.1839	0.4255	0.9431
2.4800	-1.1236	-2.1882	0.4293	0.9145
2.4900	-1.1146	-2.1925	0.4329	0.8883
2.5000	-1.1058	-2.1969	0.4364	0.8644
2.5100	-1.0973	-2.2012	0.4398	0.8429
2.5200	-1.0889	-2.2057	0.4431	0.8233
2.5300	-1.0808	-2.2101	0.4464	0.8053
2.5400	-1.0728	-2.2146	0.4495	0.7887
2.5500	-1.0650	-2.2191	0.4526	0.7731
2.5600	-1.0574	-2.2236	0.4556	0.7583
2.5700	-1.0498	-2.2282	0.4585	0.7441
2.5800	-1.0425	-2.2328	0.4614	0.7303
2.5900	-1.0352	-2.2374	0.4642	0.7168
2.6000	-1.0281	-2.2421	0.4669	0.7037
2.6100	-1.0212	-2.2468	0.4696	0.6909
2.6200	-1.0143	-2.2515	0.4722	0.6785
2.6300	-1.0076	-2.2562	0.4748	0.6664
2.6400	-1.0010	-2.2610	0.4773	0.6548
2.6500	-0.9945	-2.2658	0.4797	0.6435
2.6600	-0.9881	-2.2706	0.4821	0.6326
2.6700	-0.9818	-2.2754	0.4845	0.6222
2.6800	-0.9757	-2.2803	0.4868	0.6121
2.6900	-0.9696	-2.2851	0.4890	0.6024
2.7000	-0.9636	-2.2900	0.4913	0.5931
2.7100	-0.9577	-2.2950	0.4934	0.5842
2.7200	-0.9519	-2.2999	0.4956	0.5755
2.7300	-0.9462	-2.3049	0.4977	0.5671
2.7400	-0.9406	-2.3099	0.4997	0.5590
2.7500	-0.9350	-2.3149	0.5018	0.5511
2.7600	-0.9296	-2.3199	0.5037	0.5433
2.7700	-0.9242	-2.3249	0.5057	0.5358
2.7800	-0.9189	-2.3300	0.5076	0.5284
2.7900	-0.9136	-2.3351	0.5095	0.5211
2.8000	-0.9084	-2.3402	0.5113	0.5140
2.8100	-0.9033	-2.3453	0.5132	0.5069
2.8200	-0.8983	-2.3505	0.5150	0.5000
2.8300	-0.8933	-2.3556	0.5167	0.4933
2.8400	-0.8884	-2.3608	0.5184	0.4866
2.8500	-0.8836	-2.3660	0.5201	0.4802
2.8600	-0.8788	-2.3712	0.5218	0.4738
2.8700	-0.8741	-2.3764	0.5235	0.4677
2.8800	-0.8695	-2.3817	0.5251	0.4617
2.8900	-0.8649	-2.3869	0.5267	0.4560
2.9000	-0.8604	-2.3922	0.5282	0.4504
2.9100	-0.8559	-2.3975	0.5298	0.4449
2.9200	-0.8515	-2.4028	0.5313	0.4397
2.9300	-0.8471	-2.4081	0.5328	0.4346
2.9400	-0.8428	-2.4135	0.5342	0.4297
2.9500	-0.8385	-2.4188	0.5357	0.4248
2.9600	-0.8343	-2.4242	0.5371	0.4201
2.9700	-0.8301	-2.4295	0.5385	0.4155
2.9800	-0.8260	-2.4349	0.5399	0.4110
2.9900	-0.8219	-2.4403	0.5413	0.4066
3.0000	-0.8178	-2.4458	0.5426	0.4022
3.0100	-0.8138	-2.4512	0.5440	0.3978
3.0200	-0.8099	-2.4566	0.5453	0.3935
3.0300	-0.8059	-2.4621	0.5466	0.3893
3.0400	-0.8021	-2.4676	0.5479	0.3850
3.0500	-0.7982	-2.4731	0.5491	0.3808
3.0600	-0.7945	-2.4786	0.5504	0.3767
3.0700	-0.7907	-2.4841	0.5516	0.3726
3.0800	-0.7870	-2.4896	0.5528	0.3686
3.0900	-0.7833	-2.4951	0.5540	0.3646
3.1000	-0.7797	-2.5007	0.5551	0.3607
3.1100	-0.7761	-2.5062	0.5563	0.3569
3.1200	-0.7726	-2.5118	0.5574	0.3531
3.1300	-0.7691	-2.5174	0.5586	0.3494
3.1400	-0.7656	-2.5230	0.5597	0.3458
3.1500	-0.7621	-2.5286	0.5608	0.3423
3.1600	-0.7587	-2.5342	0.5618	0.3389
3.1700	-0.7554	-2.5398	0.5629	0.3355
3.1800	-0.7520	-2.5454	0.5640	0.3323
3.1900	-0.7487	-2.5511	0.5650	0.3291
3.2000	-0.7454	-2.5567	0.5660	0.3259
3.2100	-0.7422	-2.5624	0.5670	0.3228
3.2200	-0.7390	-2.5681	0.5680	0.3198
3.2300	-0.7358	-2.5738	0.5690	0.3168
3.2400	-0.7327	-2.5795	0.5700	0.3138
3.2500	-0.7295	-2.5852	0.5710	0.3109
3.2600	-0.7264	-2.5909	0.5719	0.3080
3.2700	-0.7234	-2.5966	0.5729	0.3051
3.2800	-0.7203	-2.6023	0.5738	0.3023
3.2900	-0.7173	-2.6081	0.5747	0.2994
3.3000	-0.7143	-2.6138	0.5756	0.2966
3.3100	-0.7114	-2.6196	0.5765	0.2938
3.3200	-0.7085	-2.6254	0.5774	0.2911
3.3300	-0.7056	-2.6311	0.5782	0.2883
3.3400	-0.7027	-2.6369	0.5791	0.2856
3.3500	-0.6999	-2.6427	0.5800	0.2829
3.3600	-0.6970	-2.6485	0.5808	0.2802
3.3700	-0.6943	-2.6543	0.5816	0.2776
3.3800	-0.6915	-2.6602	0.5824	0.2749
3.3900	-0.6888	-2.6660	0.5833	0.2723
3.4000	-0.6861	-2.6718	0.5841	0.2698
3.4100	-0.6834	-2.6777	0.5848	0.2673
3.4200	-0.6807	-2.6835	0.5856	0.2648
3.4300	-0.6781	-2.6894	0.5864	0.2624
3.4400	-0.6755	-2.6952	0.5871	0.2600
3.4500	-0.6729	-2.7011	0.5879	0.2577
3.4600	-0.6703	-2.7070	0.5886	0.2554
3.4700	-0.6678	-2.7129	0.5894	0.2532
3.4800	-0.6652	-2.7188	0.5901	0.2510
3.4900	-0.6627	-2.7247	0.5908	0.2488
3.5000	-0.6603	-2.7306	0.5915	0.2467
3.5100	-0.6578	-2.7365	0.5922	0.2447
3.5200	-0.6554	-2.7425	0.5929	0.2427
3.5300	-0.6530	-2.7484	0.5936	0.2407
3.5400	-0.6506	-2.7543	0.5943	0.2388
3.5500	-0.6482	-2.7603	0.5950	0.2369
3.5600	-0.6458	-2.7662	0.5956	0.2351
3.5700	-0.6435	-2.7722	0.5963	0.2332
3.5800	-0.6412	-2.7781	0.5969	0.2315
3.5900	-0.6388	-2.7841	0.5976	0.2297
3.6000	-0.6366	-2.7901	0.5982	0.2280
3.6100	-0.6343	-2.7961	0.5988	0.2263
3.6200	-0.6320	-2.8021	0.5995	0.2246
3.6300	-0.6298	-2.8081	0.6001	0.2230
3.6400	-0.6276	-2.8141	0.6007	0.2213
3.6500	-0.6254	-2.8201	0.6013	0.2197
3.6600	-0.6232	-2.8261	0.6019	0.2181
3.6700	-0.6210	-2.8321	0.6025	0.2165
3.6800	-0.6188	-2.8382	0.6031	0.2149
3.6900	-0.6167	-2.8442	0.6037	0.2134
3.7000	-0.6146	-2.8502	0.6042	0.2118
3.7100	-0.6125	-2.8563	0.6048	0.2103
3.7200	-0.6104	-2.8623	0.6054	0.2088
3.7300	-0.6083	-2.8684	0.6059	0.2073
3.7400	-0.6062	-2.8744	0.6065	0.2058
3.7500	-0.6042	-2.8805	0.6070	0.2043
3.7600	-0.6021	-2.8866	0.6076	0.2028
3.7700	-0.6001	-2.8927	0.6081	0.2013
3.7800	-0.5981	-2.8987	0.6086	0.1998
3.7900	-0.5961	-2.9048	0.6092	0.1984
3.8000	-0.5941	-2.9109	0.6097	0.1969
3.8100	-0.5922	-2.9170	0.6102	0.1955
3.8200	-0.5902	-2.9231	0.6107	0.1941
3.8300	-0.5883	-2.9292	0.6112	0.1927
3.8400	-0.5864	-2.9354	0.6117	0.1913
3.8500	-0.5845	-2.9415	0.6122	0.1899
3.8600	-0.5826	-2.9476	0.6127	0.1885
3.8700	-0.5807	-2.9537	0.6132	0.1871
3.8800	-0.5788	-2.9599	0.6137	0.1858
3.8900	-0.5770	-2.9660	0.6141	0.1845
3.9000	-0.5752	-2.9721	0.6146	0.1831
3.9100	-0.5733	-2.9783	0.6151	0.1818
3.9200	-0.5715	-2.9844	0.6155	0.1806
3.9300	-0.5697	-2.9906	0.6160	0.1793
3.9400	-0.5679	-2.9968	0.6165	0.1780
3.9500	-0.5662	-3.0029	0.6169	0.1768
3.9600	-0.5644	-3.0091	0.6174	0.1756
3.9700	-0.5626	-3.0153	0.6178	0.1744
3.9800	-0.5609	-3.0215	0.6182	0.1732
3.9900	-0.5592	-3.0276	0.6187	0.1720
4.0000	-0.5575	-3.0338	0.6191	0.1709
4.0100	-0.5558	-3.0400	0.6195	0.1697
4.0200	-0.5541	-3.0462	0.6199	0.1686
4.0300	-0.5524	-3.0524	0.6204	0.1675
4.0400	-0.5507	-3.0586	0.6208	0.1665
4.0500	-0.5491	-3.0648	0.6212	0.1654
4.0600	-0.5474	-3.0711	0.6216	0.1643
4.0700	-0.5458	-3.0773	0.6220	0.1633
4.0800	-0.5442	-3.0835	0.6224	0.1623
4.0900	-0.5425	-3.0897	0.6228	0.1613
4.1000	-0.5409	-3.0960	0.6232	0.1603
4.1100	-0.5393	-3.1022	0.6236	0.1593
4.1200	-0.5377	-3.1084	0.6240	0.1584
4.1300	-0.5362	-3.1147	0.6243	0.1575
4.1400	-0.5346	-3.1209	0.6247	0.1565
4.1500	-0.5330	-3.1272	0.6251	0.1556
4.1600	-0.5315	-3.1334	0.6255	0.1547
4.1700	-0.5299	-3.1397	0.6258	0.1538
4.1800	-0.5284	-3.1459	0.6262	0.1529
4.1900	-0.5269	-3.1522	0.6266	0.1521
4.2000	-0.5254	-3.1585	0.6269	0.1512
4.2100	-0.5239	-3.1647	0.6273	0.1504
4.2200	-0.5224	-3.1710	0.6276	0.1495
4.2300	-0.5209	-3.1773	0.6280	0.1487
4.2400	-0.5194	-3.1836	0.6283	0.1479
4.2500	-0.5179	-3.1899	0.6287	0.1470
4.2600	-0.5164	-3.1961	0.6290	0.1462
4.2700	-0.5150	-3.2024	0.6294	0.1454
4.2800	-0.5135	-3.2087	0.6297	0.1446
4.2900	-0.5121	-3.2150	0.6301	0.1438
4.3000	-0.5107	-3.2213	0.6304	0.1430
4.3100	-0.5092	-3.2276	0.6307	0.1422
4.3200	-0.5078	-3.2339	0.6310	0.1415
4.3300	-0.5064	-3.2403	0.6314	0.1407
4.3400	-0.5050	-3.2466	0.6317	0.1399
4.3500	-0.5036	-3.2529	0.6320	0.1391
4.3600	-0.5022	-3.2592	0.6323	0.1383
4.3700	-0.5008	-3.2655	0.6327	0.1376
4.3800	-0.4995	-3.2719	0.6330	0.1368
4.3900	-0.4981	-3.2782	0.6333	0.1360
4.4000	-0.4967	-3.2845	0.6336	0.1352
4.4100	-0.4954	-3.2909	0.6339	0.1345
4.4200	-0.4940	-3.2972	0.6342	0.1337
4.4300	-0.4927	-3.3035	0.6345	0.1329
4.4400	-0.4914	-3.3099	0.6348	0.1322
4.4500	-0.4901	-3.3162	0.6351	0.1314
4.4600	-0.4888	-3.3226	0.6354	0.1307
4.4700	-0.4875	-3.3290	0.6357	0.1299
4.4800	-0.4862	-3.3353	0.6360	0.1291
4.4900	-0.4849	-3.3417	0.6363	0.1284
4.5000	-0.4836	-3.3480	0.6365	0.1276
4.5100	-0.4823	-3.3544	0.6368	0.1269
4.5200	-0.4811	-3.3608	0.6371	0.1261
4.5300	-0.4798	-3.3671	0.6374	0.1254
4.5400	-0.4786	-3.3735	0.6377	0.1247
4.5500	-0.4773	-3.3799	0.6379	0.1239
4.5600	-0.4761	-3.3863	0.6382	0.1232
4.5700	-0.4748	-3.3927	0.6385	0.1224
4.5800	-0.4736	-3.3990	0.6387	0.1217
4.5900	-0.4724	-3.4054	0.6390	0.1210
4.6000	-0.4712	-3.4118	0.6393	0.1203
4.6100	-0.4700	-3.4182	0.6395	0.1196
4.6200	-0.4688	-3.4246	0.6398	0.1188
4.6300	-0.4676	-3.4310	0.6400	0.1181
4.6400	-0.4664	-3.4374	0.6403	0.1174
4.6500	-0.4653	-3.4438	0.6405	0.1167
4.6600	-0.4641	-3.4502	0.6408	0.1160
4.6700	-0.4630	-3.4566	0.6410	0.1154
4.6800	-0.4618	-3.4631	0.6413	0.1147
4.6900	-0.4607	-3.4695	0.6415	0.1140
4.7000	-0.4595	-3.4759	0.6418	0.1133
4.7100	-0.4584	-3.4823	0.6420	0.1127
4.7200	-0.4573	-3.4887	0.6423	0.1120
4.7300	-0.4562	-3.4951	0.6425	0.1114
4.7400	-0.4550	-3.5016	0.6427	0.1108
4.7500	-0.4539	-3.5080	0.6430	0.1101
4.7600	-0.4528	-3.5144	0.6432	0.1095
4.7700	-0.4518	-3.5209	0.6434	0.1089
4.7800	-0.4507	-3.5273	0.6436	0.1083
4.7900	-0.4496	-3.5337	0.6439	0.1077
4.8000	-0.4485	-3.5402	0.6441	0.1071
4.8100	-0.4474	-3.5466	0.6443	0.1065
4.8200	-0.4464	-3.5531	0.6445	0.1059
4.8300	-0.4453	-3.5595	0.6448	0.1053
4.8400	-0.4443	-3.5660	0.6450	0.1047
4.8500	-0.4432	-3.5724	0.6452	0.1042
4.8600	-0.4422	-3.5789	0.6454	0.1036
4.8700	-0.4412	-3.5853	0.6456	0.1031
4.8800	-0.4401	-3.5918	0.6458	0.1025
4.8900	-0.4391	-3.5982	0.6460	0.1020
4.9000	-0.4381	-3.6047	0.6462	0.1015
4.9100	-0.4371	-3.6112	0.6465	0.1010
4.9200	-0.4361	-3.6176	0.6467	0.1005
4.9300	-0.4351	-3.6241	0.6469	0.1000
4.9400	-0.4341	-3.6306	0.6471	0.0995
4.9500	-0.4331	-3.6370	0.6473	0.0990
4.9600	-0.4321	-3.6435	0.6475	0.0985
4.9700	-0.4311	-3.6500	0.6477	0.0980
4.9800	-0.4301	-3.6565	0.6479	0.0975
4.9900	-0.4292	-3.6629	0.6481	0.0970
5.0000	-0.4282	-3.6694	0.6482	0.0966
5.0100	-0.4272	-3.6759	0.6484	0.0961
5.0200	-0.4263	-3.6824	0.6486	0.0957
5.0300	-0.4253	-3.6889	0.6488	0.0952
5.0400	-0.4244	-3.6954	0.6490	0.0948
5.0500	-0.4234	-3.7019	0.6492	0.0943
5.0600	-0.4225	-3.7084	0.6494	0.0939
5.0700	-0.4215	-3.7148	0.6496	0.0935
5.0800	-0.4206	-3.7213	0.6498	0.0930
5.0900	-0.4197	-3.7278	0.6499	0.0926
5.1000	-0.4188	-3.7343	0.6501	0.0922
5.1100	-0.4178	-3.7408	0.6503	0.0918
5.1200	-0.4169	-3.7473	0.6505	0.0914
5.1300	-0.4160	-3.7539	0.6507	0.0910
5.1400	-0.4151	-3.7604	0.6508	0.0906
5.1500	-0.4142	-3.7669	0.6510	0.0902
5.1600	-0.4133	-3.7734	0.6512	0.0898
5.1700	-0.4124	-3.7799	0.6514	0.0894
5.1800	-0.4115	-3.7864	0.6515	0.0890
5.1900	-0.4106	-3.7929	0.6517	0.0886
5.2000	-0.4097	-3.7994	0.6519	0.0882
5.2100	-0.4089	-3.8060	0.6520	0.0878
5.2200	-0.4080	-3.8125	0.6522	0.0875
5.2300	-0.4071	-3.8190	0.6524	0.0871
5.2400	-0.4062	-3.8255	0.6525	0.0867
5.2500	-0.4054	-3.8321	0.6527	0.0863
5.2600	-0.4045	-3.8386	0.6529	0.0860
5.2700	-0.4037	-3.8451	0.6530	0.0856
5.2800	-0.4028	-3.8516	0.6532	0.0852
5.2900	-0.4019	-3.8582	0.6534	0.0849
5.3000	-0.4011	-3.8647	0.6535	0.0845
5.3100	-0.4003	-3.8712	0.6537	0.0842
5.3200	-0.3994	-3.8778	0.6538	0.0838
5.3300	-0.3986	-3.8843	0.6540	0.0834
5.3400	-0.3978	-3.8909	0.6541	0.0831
5.3500	-0.3969	-3.8974	0.6543	0.0827
5.3600	-0.3961	-3.9040	0.6545	0.0824
5.3700	-0.3953	-3.9105	0.6546	0.0820
5.3800	-0.3945	-3.9170	0.6548	0.0817
5.3900	-0.3936	-3.9236	0.6549	0.0814
5.4000	-0.3928	-3.9301	0.6551	0.0810
5.4100	-0.3920	-3.9367	0.6552	0.0807
5.4200	-0.3912	-3.9432	0.6554	0.0803
5.4300	-0.3904	-3.9498	0.6555	0.0800
5.4400	-0.3896	-3.9564	0.6557	0.0797
5.4500	-0.3888	-3.9629	0.6558	0.0793
5.4600	-0.3880	-3.9695	0.6559	0.0790
5.4700	-0.3872	-3.9760	0.6561	0.0787
5.4800	-0.3865	-3.9826	0.6562	0.0784
5.4900	-0.3857	-3.9892	0.6564	0.0780
5.5000	-0.3849	-3.9957	0.6565	0.0777
5.5100	-0.3841	-4.0023	0.6567	0.0774
5.5200	-0.3833	-4.0089	0.6568	0.0771
5.5300	-0.3826	-4.0154	0.6569	0.0767
5.5400	-0.3818	-4.0220	0.6571	0.0764
5.5500	-0.3810	-4.0286	0.6572	0.0761
5.5600	-0.3803	-4.0351	0.6573	0.0758
5.5700	-0.3795	-4.0417	0.6575	0.0755
5.5800	-0.3788	-4.0483	0.6576	0.0752
5.5900	-0.3780	-4.0549	0.6578	0.0749
5.6000	-0.3773	-4.0614	0.6579	0.0746
5.6100	-0.3765	-4.0680	0.6580	0.0743
5.6200	-0.3758	-4.0746	0.6582	0.0740
5.6300	-0.3751	-4.0812	0.6583	0.0737
5.6400	-0.3743	-4.0878	0.6584	0.0734
5.6500	-0.3736	-4.0944	0.6585	0.0731
5.6600	-0.3729	-4.1009	0.6587	0.0728
5.6700	-0.3721	-4.1075	0.6588	0.0725
5.6800	-0.3714	-4.1141	0.6589	0.0722
5.6900	-0.3707	-4.1207	0.6591	0.0719
5.7000	-0.3700	-4.1273	0.6592	0.0716
5.7100	-0.3693	-4.1339	0.6593	0.0714
5.7200	-0.3685	-4.1405	0.6594	0.0711
5.7300	-0.3678	-4.1471	0.6596	0.0708
5.7400	-0.3671	-4.1537	0.6597	0.0705
5.7500	-0.3664	-4.1603	0.6598	0.0702
5.7600	-0.3657	-4.1669	0.6599	0.0700
5.7700	-0.3650	-4.1735	0.6600	0.0697
5.7800	-0.3643	-4.1801	0.6602	0.0694
5.7900	-0.3636	-4.1867	0.6603	0.0692
5.8000	-0.3629	-4.1933	0.6604	0.0689
5.8100	-0.3623	-4.1999	0.6605	0.0686
5.8200	-0.3616	-4.2065	0.6606	0.0684
5.8300	-0.3609	-4.2131	0.6608	0.0681
5.8400	-0.3602	-4.2197	0.6609	0.0678
5.8500	-0.3595	-4.2263	0.6610	0.0676
5.8600	-0.3589	-4.2329	0.6611	0.0673
5.8700	-0.3582	-4.2395	0.6612	0.0671
5.8800	-0.3575	-4.2461	0.6613	0.0668
5.8900	-0.3569	-4.2528	0.6614	0.0666
5.9000	-0.3562	-4.2594	0.6616	0.0663
5.9100	-0.3555	-4.2660	0.6617	0.0661
5.9200	-0.3549	-4.2726	0.6618	0.0658
5.9300	-0.3542	-4.2792	0.6619	0.0656
5.9400	-0.3536	-4.2858	0.6620	0.0653
5.9500	-0.3529	-4.2925	0.6621	0.0651
5.9600	-0.3523	-4.2991	0.6622	0.0648
5.9700	-0.3516	-4.3057	0.6623	0.0646
5.9800	-0.3510	-4.3123	0.6624	0.0644
5.9900	-0.3503	-4.3190	0.6625	0.0641
6.0000	-0.3497	-4.3256	0.6627	0.0639
6.0100	-0.3490	-4.3322	0.6628	0.0636
6.0200	-0.3484	-4.3388	0.6629	0.0634
6.0300	-0.3478	-4.3455	0.6630	0.0632
6.0400	-0.3471	-4.3521	0.6631	0.0630
6.0500	-0.3465	-4.3587	0.6632	0.0627
6.0600	-0.3459	-4.3654	0.6633	0.0625
6.0700	-0.3453	-4.3720	0.6634	0.0623
6.0800	-0.3446	-4.3786	0.6635	0.0620
6.0900	-0.3440	-4.3853	0.6636	0.0618
6.1000	-0.3434	-4.3919	0.6637	0.0616
6.1100	-0.3428	-4.3985	0.6638	0.0614
6.1200	-0.3422	-4.4052	0.6639	0.0612
6.1300	-0.3416	-4.4118	0.6640	0.0609
6.1400	-0.3410	-4.4185	0.6641	0.0607
6.1500	-0.3404	-4.4251	0.6642	0.0605
6.1600	-0.3398	-4.4317	0.6643	0.0603
6.1700	-0.3391	-4.4384	0.6644	0.0601
6.1800	-0.3385	-4.4450	0.6645	0.0599
6.1900	-0.3380	-4.4517	0.6646	0.0596
6.2000	-0.3374	-4.4583	0.6647	0.0594
6.2100	-0.3368	-4.4650	0.6648	0.0592
6.2200	-0.3362	-4.4716	0.6649	0.0590
6.2300	-0.3356	-4.4783	0.6650	0.0588
6.2400	-0.3350	-4.4849	0.6651	0.0586
6.2500	-0.3344	-4.4916	0.6651	0.0584
6.2600	-0.3338	-4.4982	0.6652	0.0582
6.2700	-0.3332	-4.5049	0.6653	0.0580
6.2800	-0.3327	-4.5115	0.6654	0.0578
6.2900	-0.3321	-4.5182	0.6655	0.0576
6.3000	-0.3315	-4.5248	0.6656	0.0574
6.3100	-0.3309	-4.5315	0.6657	0.0572
6.3200	-0.3304	-4.5381	0.6658	0.0570
6.3300	-0.3298	-4.5448	0.6659	0.0568
6.3400	-0.3292	-4.5515	0.6660	0.0566
6.3500	-0.3287	-4.5581	0.6661	0.0564
6.3600	-0.3281	-4.5648	0.6661	0.0562
6.3700	-0.3276	-4.5714	0.6662	0.0560
6.3800	-0.3270	-4.5781	0.6663	0.0558
6.3900	-0.3264	-4.5848	0.6664	0.0556
6.4000	-0.3259	-4.5914	0.6665	0.0554
6.4100	-0.3253	-4.5981	0.6666	0.0552
6.4200	-0.3248	-4.6048	0.6667	0.0550
6.4300	-0.3242	-4.6114	0.6668	0.0548
6.4400	-0.3237	-4.6181	0.6668	0.0546
6.4500	-0.3231	-4.6248	0.6669	0.0544
6.4600	-0.3226	-4.6314	0.6670	0.0543
6.4700	-0.3221	-4.6381	0.6671	0.0541
6.4800	-0.3215	-4.6448	0.6672	0.0539
6.4900	-0.3210	-4.6515	0.6673	0.0537
6.5000	-0.3204	-4.6581	0.6673	0.0535
6.5100	-0.3199	-4.6648	0.6674	0.0533
6.5200	-0.3194	-4.6715	0.6675	0.0531
6.5300	-0.3188	-4.6782	0.6676	0.0530
6.5400	-0.3183	-4.6848	0.6677	0.0528
6.5500	-0.3178	-4.6915	0.6677	0.0526
6.5600	-0.3173	-4.6982	0.6678	0.0524
6.5700	-0.3167	-4.7049	0.6679	0.0522
6.5800	-0.3162	-4.7115	0.6680	0.0521
6.5900	-0.3157	-4.7182	0.6681	0.0519
6.6000	-0.3152	-4.7249	0.6681	0.0517
6.6100	-0.3147	-4.7316	0.6682	0.0515
6.6200	-0.3141	-4.7383	0.6683	0.0514
6.6300	-0.3136	-4.7450	0.6684	0.0512
6.6400	-0.3131	-4.7516	0.6685	0.0510
6.6500	-0.3126	-4.7583	0.6685	0.0508
6.6600	-0.3121	-4.7650	0.6686	0.0507
6.6700	-0.3116	-4.7717	0.6687	0.0505
6.6800	-0.3111	-4.7784	0.6688	0.0503
6.6900	-0.3106	-4.7851	0.6688	0.0502
6.7000	-0.3101	-4.7918	0.6689	0.0500
6.7100	-0.3096	-4.7984	0.6690	0.0498
6.7200	-0.3091	-4.8051	0.6691	0.0497
6.7300	-0.3086	-4.8118	0.6691	0.0495
6.7400	-0.3081	-4.8185	0.6692	0.0493
6.7500	-0.3076	-4.8252	0.6693	0.0492
6.7600	-0.3071	-4.8319	0.6693	0.0490
6.7700	-0.3066	-4.8386	0.6694	0.0488
6.7800	-0.3061	-4.8453	0.6695	0.0487
6.7900	-0.3057	-4.8520	0.6696	0.0485
6.8000	-0.3052	-4.8587	0.6696	0.0484
6.8100	-0.3047	-4.8654	0.6697	0.0482
6.8200	-0.3042	-4.8721	0.6698	0.0480
6.8300	-0.3037	-4.8788	0.6698	0.0479
6.8400	-0.3033	-4.8855	0.6699	0.0477
6.8500	-0.3028	-4.8922	0.6700	0.0476
6.8600	-0.3023	-4.8989	0.6701	0.0474
6.8700	-0.3018	-4.9056	0.6701	0.0473
6.8800	-0.3014	-4.9123	0.6702	0.0471
6.8900	-0.3009	-4.9190	0.6703	0.0470
6.9000	-0.3004	-4.9257	0.6703	0.0468
6.9100	-0.2999	-4.9324	0.6704	0.0466
6.9200	-0.2995	-4.9391	0.6705	0.0465
6.9300	-0.2990	-4.9458	0.6705	0.0463
6.9400	-0.2986	-4.9525	0.6706	0.0462
6.9500	-0.2981	-4.9592	0.6707	0.0460
6.9600	-0.2976	-4.9659	0.6707	0.0459
6.9700	-0.2972	-4.9726	0.6708	0.0458
6.9800	-0.2967	-4.9793	0.6709	0.0456
6.9900	-0.2963	-4.9860	0.6709	0.0455
7.0000	-0.2958	-4.9927	0.6710	0.0453
7.0100	-0.2954	-4.9995	0.6711	0.0452
7.0200	-0.2949	-5.0062	0.6711	0.0450
7.0300	-0.2945	-5.0129	0.6712	0.0449
7.0400	-0.2940	-5.0196	0.6712	0.0447
7.0500	-0.2936	-5.0263	0.6713	0.0446
7.0600	-0.2931	-5.0330	0.6714	0.0445
7.0700	-0.2927	-5.0397	0.6714	0.0443
7.0800	-0.2922	-5.0464	0.6715	0.0442
7.0900	-0.2918	-5.0532	0.6716	0.0440
7.1000	-0.2914	-5.0599	0.6716	0.0439
7.1100	-0.2909	-5.0666	0.6717	0.0438
7.1200	-0.2905	-5.0733	0.6717	0.0436
7.1300	-0.2900	-5.0800	0.6718	0.0435
7.1400	-0.2896	-5.0868	0.6719	0.0434
7.1500	-0.2892	-5.0935	0.6719	0.0432
7.1600	-0.2887	-5.1002	0.6720	0.0431
7.1700	-0.2883	-5.1069	0.6720	0.0429
7.1800	-0.2879	-5.1136	0.6721	0.0428
7.1900	-0.2875	-5.1204	0.6722	0.0427
7.2000	-0.2870	-5.1271	0.6722	0.0426
7.2100	-0.2866	-5.1338	0.6723	0.0424
7.2200	-0.2862	-5.1405	0.6723	0.0423
7.2300	-0.2858	-5.1472	0.6724	0.0422
7.2400	-0.2853	-5.1540	0.6725	0.0420
7.2500	-0.2849	-5.1607	0.6725	0.0419
7.2600	-0.2845	-5.1674	0.6726	0.0418
7.2700	-0.2841	-5.1741	0.6726	0.0416
7.2800	-0.2837	-5.1809	0.6727	0.0415
7.2900	-0.2833	-5.1876	0.6727	0.0414
7.3000	-0.2828	-5.1943	0.6728	0.0413
7.3100	-0.2824	-5.2011	0.6729	0.0411
7.3200	-0.2820	-5.2078	0.6729	0.0410
7.3300	-0.2816	-5.2145	0.6730	0.0409
7.3400	-0.2812	-5.2212	0.6730	0.0408
7.3500	-0.2808	-5.2280	0.6731	0.0407
7.3600	-0.2804	-5.2347	0.6731	0.0405
7.3700	-0.2800	-5.2414	0.6732	0.0404
7.3800	-0.2796	-5.2482	0.6733	0.0403
7.3900	-0.2792	-5.2549	0.6733	0.0402
7.4000	-0.2788	-5.2616	0.6734	0.0400
7.4100	-0.2784	-5.2684	0.6734	0.0399
7.4200	-0.2780	-5.2751	0.6735	0.0398
7.4300	-0.2776	-5.2818	0.6735	0.0397
7.4400	-0.2772	-5.2886	0.6736	0.0396
7.4500	-0.2768	-5.2953	0.6736	0.0395
7.4600	-0.2764	-5.3020	0.6737	0.0393
7.4700	-0.2760	-5.3088	0.6737	0.0392
7.4800	-0.2756	-5.3155	0.6738	0.0391
7.4900	-0.2752	-5.3223	0.6738	0.0390
7.5000	-0.2748	-5.3290	0.6739	0.0389
7.5100	-0.2744	-5.3357	0.6739	0.0388
7.5200	-0.2741	-5.3425	0.6740	0.0387
7.5300	-0.2737	-5.3492	0.6740	0.0385
7.5400	-0.2733	-5.3560	0.6741	0.0384
7.5500	-0.2729	-5.3627	0.6741	0.0383
7.5600	-0.2725	-5.3694	0.6742	0.0382
7.5700	-0.2721	-5.3762	0.6742	0.0381
7.5800	-0.2718	-5.3829	0.6743	0.0380
7.5900	-0.2714	-5.3897	0.6743	0.0379
7.6000	-0.2710	-5.3964	0.6744	0.0378
7.6100	-0.2706	-5.4032	0.6744	0.0377
7.6200	-0.2702	-5.4099	0.6745	0.0376
7.6300	-0.2699	-5.4166	0.6745	0.0374
7.6400	-0.2695	-5.4234	0.6746	0.0373
7.6500	-0.2691	-5.4301	0.6746	0.0372
7.6600	-0.2687	-5.4369	0.6747	0.0371
7.6700	-0.2684	-5.4436	0.6747	0.0370
7.6800	-0.2680	-5.4504	0.6748	0.0369
7.6900	-0.2676	-5.4571	0.6748	0.0368
7.7000	-0.2673	-5.4639	0.6749	0.0367
7.7100	-0.2669	-5.4706	0.6749	0.0366
7.7200	-0.2665	-5.4774	0.6750	0.0365
7.7300	-0.2662	-5.4841	0.6750	0.0364
7.7400	-0.2658	-5.4909	0.6751	0.0363
7.7500	-0.2655	-5.4976	0.6751	0.0362
7.7600	-0.2651	-5.5044	0.6752	0.0361
7.7700	-0.2647	-5.5111	0.6752	0.0360
7.7800	-0.2644	-5.5179	0.6753	0.0359
7.7900	-0.2640	-5.5246	0.6753	0.0358
7.8000	-0.2637	-5.5314	0.6754	0.0357
7.8100	-0.2633	-5.5381	0.6754	0.0356
7.8200	-0.2629	-5.5449	0.6754	0.0355
7.8300	-0.2626	-5.5516	0.6755	0.0354
7.8400	-0.2622	-5.5584	0.6755	0.0353
7.8500	-0.2619	-5.5652	0.6756	0.0352
7.8600	-0.2615	-5.5719	0.6756	0.0351
7.8700	-0.2612	-5.5787	0.6757	0.0350
7.8800	-0.2608	-5.5854	0.6757	0.0349
7.8900	-0.2605	-5.5922	0.6758	0.0348
7.9000	-0.2601	-5.5989	0.6758	0.0347
7.9100	-0.2598	-5.6057	0.6758	0.0346
7.9200	-0.2594	-5.6125	0.6759	0.0345
7.9300	-0.2591	-5.6192	0.6759	0.0344
7.9400	-0.2588	-5.6260	0.6760	0.0343
7.9500	-0.2584	-5.6327	0.6760	0.0342
7.9600	-0.2581	-5.6395	0.6761	0.0341
7.9700	-0.2577	-5.6463	0.6761	0.0341
7.9800	-0.2574	-5.6530	0.6761	0.0340
7.9900	-0.2570	-5.6598	0.6762	0.0339
8.0000	-0.2567	-5.6665	0.6762	0.0338
